Chains level	B1-P	B2-P	B3-P	C1-P	C2-P	C3-P	E1-P	E2-P	E3-P	A1-P	A2-P	A3-P
Label	LcS	LcS	LcS	LcS	LcS	LcS	WS	WS	WS	WS	WS	WS
AAHFA 17:1_19:0;O	6E-05	6E-05	6E-05	2E-05	2E-05	2E-05	3E-05	2E-05	3E-05	0.00015	0.00019	9E-05
AAHFA 18:2_18:2;O	0	0	0	0	0	0	2E-05	4E-05	2E-05	0.0001	0.00013	6E-05
AAHFA 18:2_20:1;O	0	2E-05	0	0	0	0	0	0	0	0.00012	6E-05	7E-05
AAHFA 18:3_20:0;O	1E-05	1E-05	0	0	0	0	3E-05	2E-05	2E-05	0.0002	0.00029	0.00013
AAHFA 2:0_20:2;O	8E-05	3E-05	8E-05	9E-05	9E-05	0.0001	0.00012	0.00024	6E-05	0.00034	0.0002	0.00013
AAHFA 2:0_20:3;O	6E-05	2E-05	2E-05	8E-05	0.00012	9E-05	0.00021	0.00031	0.00018	0.00023	0.00012	0.00011
AAHFA 2:0_26:6;O	0.0001	0.0001	0.00012	0.00016	0.00011	0.00011	0.0002	9E-05	0.00014	0.0002	3E-05	8E-05
AAHFA 22:5_18:2;O	0.0002	0.00025	0.00025	0.00035	0.00018	0.00033	0.00032	0.00036	0.00055	0.0026	0.00054	0.0009
AAHFA 22:5_21:2;O	4E-05	1E-05	4E-05	1E-05	0	0	0	1E-05	4E-05	0.00012	8E-05	4E-05
AAHFA 7:0_11:0;O	0.01446	0.007	0.01421	0.0019	0.00209	0.00194	0.00206	0.00147	0.00214	0.03169	0.02302	0.01358
AAHFA 8:0_11:0;O	0.00022	0.00022	0.00019	0.00014	0.00017	0.00011	0.00176	0.00307	0.00218	0.00105	0.00101	0.00048
Cer 12:2;2O_16:2;O(FA 18:2)	0	0	0	1E-05	0	4E-05	5E-05	4E-05	6E-05	1E-05	1E-05	1E-05
Cer 13:1;2O_12:0;(3OH)	5E-05	4E-05	5E-05	0	0	0	1E-05	0	2E-05	0.0005	0.00054	0.00017
Cer 15:0;2O_28:0;O(FA 18:2)	0	0	0	0	0	0	2E-05	0	0	7E-05	0.00012	9E-05
Cer 16:0;2O_15:0;(3OH)(FA 18:2)	1E-05	3E-05	1E-05	0	0	0	0	0	0	0	2E-05	0
Cer 16:1;2O_16:0;(2OH)	0.00021	0.00023	0.00021	0.00012	0.00013	0.00012	0	0	0	7E-05	2E-05	5E-05
Cer 17:0;2O_16:0	0.0027	0.00275	0.00267	0.00081	0.00089	0.0008	0.00019	0.00013	0.00015	0.00067	0.00128	0.00046
Cer 17:0;3O_16:0	0.00022	0.00023	0.00028	0.00012	0.00021	0.00012	0.00078	0.00057	0.00067	0.00029	0.00012	0.00015
Cer 17:2;2O_16:0;(2OH)	0.00123	0.00133	0.00126	0.00067	0.0007	0.00064	0.00015	0.00013	0.00014	0.00064	0.00057	0.00039
Cer 17:2;3O_24:1;(2OH)	6E-05	6E-05	6E-05	1E-05	7E-05	6E-05	4E-05	4E-05	4E-05	4E-05	6E-05	3E-05
Cer 18:0;2O_15:0;(2OH)	0.00013	0.00014	0.00013	6E-05	8E-05	8E-05	1E-05	1E-05	1E-05	7E-05	0.00011	4E-05
Cer 18:0;2O_16:0	0.01347	0.01391	0.01376	0.00241	0.00241	0.00225	0.00073	0.00063	0.00067	0.00263	0.00555	0.00188
Cer 18:0;2O_16:0;(2OH)	0.00182	0.00192	0.00189	0.00049	0.00051	0.00047	0.00024	0.00018	0.00019	0.00079	0.00173	0.00057
Cer 18:0;3O_12:0	0.00019	0.00022	0.0002	1E-05	5E-05	3E-05	3E-05	2E-05	1E-05	3E-05	3E-05	1E-05
Cer 18:0;3O_13:0	4E-05	4E-05	3E-05	3E-05	3E-05	3E-05	2E-05	2E-05	1E-05	2E-05	2E-05	1E-05
Cer 18:0;3O_14:0	0.00209	0.00229	0.00221	0.00115	0.00123	0.0011	0.00074	0.00059	0.00064	0.00078	0.00107	0.00048
Cer 18:0;3O_15:0;(2OH)	0.0001	0.00011	0.00011	0.0002	0.0002	0.00019	2E-05	0.00017	0.00019	0.00033	0.00041	0.00021
Cer 18:0;3O_16:0	0.00761	0.00796	0.00772	0.00258	0.00445	0.00408	0.00501	0.00211	0.00434	0.00502	0.00885	0.00339
Cer 18:0;3O_16:0;(2OH)	0.00069	0.00075	0.00074	0.0008	0.00094	0.00087	0.00401	0.00513	0.00573	0.00429	0.00614	0.00269
Cer 18:0;3O_16:1	5E-05	1E-05	4E-05	8E-05	3E-05	4E-05	0	0	0	1E-05	2E-05	0
Cer 18:0;3O_17:0	0.00024	0.00025	0.00023	0.00013	0.00015	0.00015	7E-05	5E-05	6E-05	0.00011	0.00024	8E-05
Cer 18:0;3O_18:0	0.00705	0.00726	0.00724	0.00389	0.00371	0.00338	0.00255	0.00025	0.0021	0.00309	0.00663	0.00226
Cer 18:0;3O_18:0;(2OH)	0.00291	0.00312	0.00316	0.00265	0.00158	0.0024	0.00637	0.00506	0.00547	0.00607	0.0128	0.00445
Cer 18:0;3O_18:1	4E-05	0	3E-05	1E-05	4E-05	1E-05	8E-05	7E-05	8E-05	0.00183	0.00253	0.00111
Cer 18:0;3O_18:2	0.00016	0.00018	0.00017	7E-05	9E-05	3E-05	2E-05	0.0001	4E-05	0.00117	0.00151	0.0006
Cer 18:0;3O_20:0	0.00151	0.00164	0.00158	0.00075	0.00074	0.00072	0.00039	0.00028	0.00031	0.00048	0.00064	0.00029
Cer 18:0;3O_20:0;(2OH)	0.00248	0.00266	0.00261	0.00205	0.00227	0.00211	0.0036	0.00266	0.00288	0.00357	0.00604	0.00249
Cer 18:0;3O_21:0	0.00039	0.00043	0.0004	0.00017	0.00018	0.00017	8E-05	5E-05	4E-05	0.00012	0.00015	8E-05
Cer 18:0;3O_21:0;(2OH)	0.00075	0.00082	0.00081	0.00067	0.00073	0.00066	0.00039	0.00028	0.0003	0.00058	0.00084	0.00038
Cer 18:0;3O_22:0	0.00808	0.00881	0.00885	0.00445	0.00409	0.00391	0.00362	0.00222	0.00305	0.00375	0.0051	0.00249
Cer 18:0;3O_22:0;(2OH)	0.01282	0.01489	0.01456	0.00853	0.01211	0.01155	0.00892	0.00684	0.00677	0.01077	0.00914	0.00601
Cer 18:0;3O_22:1	0.00017	0.00018	0.00015	0.00013	0.00014	0.00013	0.00026	0.00018	0.0002	0.00013	0.00018	8E-05
Cer 18:0;3O_22:1;(2OH)	0.00019	0.00022	0.00028	0.00024	0.00023	0.00021	0.0011	0.00075	0.00089	0.0005	0.00076	0.00034
Cer 18:0;3O_23:0	0.00135	0.00148	0.0014	0.00043	0.00057	0.00054	0.0004	0.00032	0.00033	0.00044	0.0003	0.00028
Cer 18:0;3O_23:0;(2OH)	0.00749	0.0083	0.00832	0.00812	0.00773	0.00736	0.00519	0.00351	0.00418	0.00635	0.00865	0.00426
Cer 18:0;3O_23:1;(2OH)	0.00135	0.00145	0.00146	0.00256	0.00312	0.00291	0.00562	0.00417	0.00454	0.00337	0.00504	0.00227
Cer 18:0;3O_24:0	0.01301	0.0107	0.01351	0.00572	0.00403	0.00733	0.00779	0.00186	0.00389	0.00486	0.00092	0.00332
Cer 18:0;3O_24:0;(2OH)	0.02456	0.02536	0.02718	0.01028	0.02564	0.02442	0.02495	0.02039	0.00026	0.02309	0.01344	0.01816
Cer 18:0;3O_24:1	0.00153	0.00164	0.00162	0.00198	0.00189	0.0018	0.00295	0.00179	0.00264	0.00208	0.0026	0.00122
Cer 18:0;3O_24:1;(2OH)	0.00501	0.00625	0.00577	0.00748	0.01056	0.01006	0.02028	0.01891	0.02145	0.00981	0.01214	0.00994
Cer 18:0;3O_24:2;(2OH)	8E-05	8E-05	9E-05	0.00012	0.00012	0.00012	0.00044	0.00037	0.00033	0.00014	0.00022	0.0001
Cer 18:0;3O_25:0	0.00198	0.00214	0.0021	0.00271	0.0012	0.00112	0.00117	0.00088	0.00076	0.00092	0.0011	0.00056
Cer 18:0;3O_25:0;(2OH)	0.00461	0.00488	0.00516	0.0068	0.00736	0.0064	0.00552	0.00387	0.00421	0.00283	0.0005	0.00251
Cer 18:0;3O_25:1;(2OH)	0.00043	0.00048	0.00047	0.00066	0.00062	0.00064	0.00109	0.00087	0.00104	0.00085	0.00099	0.00055
Cer 18:0;3O_26:0	0.00114	0.00127	0.00127	0.0007	0.00069	0.00061	0.00038	0.00028	0.00035	0.00038	0.0006	0.00027
Cer 18:0;3O_26:0;(2OH)	0.00217	0.00247	0.00255	0.00339	0.00321	0.00284	0.00378	0.00264	0.00294	0.00321	0.00422	0.00053
Cer 18:0;3O_26:1;(2OH)	0.00041	0.00034	0.00043	0.00075	0.00097	0.00091	0.00282	0.00202	0.00238	0.00132	0.00035	0.00084
Cer 18:0;3O_27:0	0	0	0	0	0	0	0.00092	1E-05	0	0	0.00078	1E-05
Cer 18:1;2O_15:0	0.00245	0.0026	0.00247	0.00018	0.00114	0.00105	0.00025	0.00019	0.0002	0.00057	0.00091	0.00037
Cer 18:1;2O_15:0;(2OH)	0.0004	0.00048	0.00042	0.0002	0.00024	0.00021	6E-05	0.00011	0.00013	0.00036	0.0005	0.00021
Cer 18:1;2O_16:0	0.00732	0.00774	0.00764	0.00203	0.00197	0.0018	0.00137	0.00102	0.00107	0.00211	0.00438	0.0015
Cer 18:1;2O_16:0;(2OH)	0.00492	0.0054	0.0051	0.00186	0.00179	0.00168	0.00011	0.00029	0.00031	0.00161	0.00251	0.00105
Cer 18:1;3O_24:1;(2OH)	1E-05	0	2E-05	4E-05	2E-05	1E-05	0.00029	0.00026	0.00026	5E-05	4E-05	2E-05
Cer 18:2;2O_14:0	0.00051	0.00056	0.00054	0.00016	0.00024	0.00023	2E-05	3E-05	2E-05	7E-05	7E-05	4E-05
Cer 18:2;2O_15:0	0.00019	0.00021	0.0002	6E-05	6E-05	6E-05	0	0	0	3E-05	5E-05	2E-05
Cer 18:2;2O_16:0	0.0056	0.00608	0.00576	0.00229	0.00235	0.0022	0.00083	0.00078	0.00082	0.00084	0.00126	0.00053
Cer 18:2;2O_16:0;(2OH)	0.0011	0.00118	0.00118	0.00028	0.00028	0.0003	0.0003	0.00044	0.0005	0.00087	0.00132	0.00056
Cer 18:2;2O_22:0;O(FA 18:2)	5E-05	5E-05	5E-05	4E-05	3E-05	4E-05	5E-05	3E-05	5E-05	0.00058	0.00068	0.0004
Cer 18:2;3O_22:0;(2OH)	0.00033	0.00033	0.00032	0.00026	0.00026	0.00024	0.00037	0.00028	0.00032	0.00019	0.00029	0.00014
Cer 19:0;2O_17:0;(2OH)	8E-05	9E-05	8E-05	2E-05	2E-05	2E-05	1E-05	0	1E-05	4E-05	7E-05	2E-05
Cer 19:0;2O_24:0;O(FA 18:2)	0	0	0	0	0	0	0	0	1E-05	0.00014	5E-05	0.0001
Cer 19:1;3O_25:0	0.00111	0.00112	0.00121	0.00091	0.00138	0.00147	0.00227	0.00109	0.00143	0.00074	0.00092	0.00044
Cer 19:2;2O_15:0;(2OH)	0.00088	0.00097	0.00098	0.00083	0.00088	0.00083	0.00017	0.0002	0.00022	0.00037	0.00056	0.00023
Cer 19:2;2O_15:0;O(FA 18:1)	4E-05	8E-05	4E-05	4E-05	4E-05	4E-05	0	1E-05	0	0.00012	8E-05	9E-05
Cer 19:2;2O_16:0	0.00086	0.00091	0.0009	0.00047	0.00049	0.00047	0.00029	0.0002	0.00023	0.00077	0.00146	0.00052
Cer 19:2;2O_16:0;(2OH)	0.00402	0.00424	0.00415	0.00176	0.00276	0.00256	0.00158	0.00138	0.0015	0.00264	0.00519	0.0018
Cer 19:2;2O_18:0	4E-05	5E-05	5E-05	3E-05	3E-05	2E-05	4E-05	3E-05	4E-05	0.00012	0.0002	8E-05
Cer 19:2;2O_18:1	0.00027	0.00035	0.00032	0.00024	0.00018	0.00028	0.00051	0.00043	0.00022	0.00094	0.00196	0.00082
Cer 19:2;2O_18:2	0.00096	0.00107	0.00112	0.00035	0.00036	0.00039	8E-05	0.0001	0.00011	0.00135	0.00244	0.0009
Cer 19:2;2O_24:1;(2OH)	6E-05	6E-05	5E-05	9E-05	7E-05	6E-05	6E-05	2E-05	4E-05	8E-05	5E-05	6E-05
Cer 19:3;2O_17:2;O(FA 18:2)	6E-05	6E-05	5E-05	2E-05	2E-05	3E-05	3E-05	2E-05	2E-05	0.00031	0.00023	0.00021
Cer 21:0;2O_15:0;(3OH)(FA 18:2)	0	0	0	0	0	0	0	0	0	3E-05	3E-05	4E-05
Cer 21:1;2O_18:0;(3OH)	8E-05	0.00011	0.0001	2E-05	4E-05	4E-05	5E-05	4E-05	4E-05	6E-05	4E-05	2E-05
Cer 21:1;2O_38:6;(3OH)	0	0	0	1E-05	1E-05	0	2E-05	1E-05	1E-05	7E-05	5E-05	5E-05
Cer 22:0;2O_12:0;(3OH)(FA 16:0)	2E-05	3E-05	2E-05	1E-05	2E-05	2E-05	4E-05	1E-05	3E-05	0.00019	0.00021	0.00014
Cer 22:0;2O_12:0;(3OH)(FA 18:1)	3E-05	4E-05	4E-05	2E-05	2E-05	3E-05	3E-05	1E-05	4E-05	0.00034	0.00029	0.00023
Cer 22:0;2O_16:0;O(FA 18:2)	1E-05	1E-05	1E-05	0	0	0	0	0	0	1E-05	2E-05	1E-05
Cer 22:0;2O_18:0;(3OH)(FA 16:0)	2E-05	2E-05	2E-05	1E-05	2E-05	1E-05	1E-05	1E-05	1E-05	2E-05	2E-05	5E-05
Cer 22:0;2O_19:0;(3OH)(FA 18:1)	0	0	0	0	0	0	0	0	0	1E-05	1E-05	0
Cer 22:0;2O_20:0;(3OH)(FA 16:0)	0	0	0	0	0	0	0	0	0	2E-05	3E-05	1E-05
Cer 22:0;2O_20:0;(3OH)(FA 18:0)	0	0	0	0	0	0	0	0	0	0	2E-05	0
Cer 22:0;2O_20:0;(3OH)(FA 18:1)	0	0	1E-05	0	1E-05	1E-05	2E-05	1E-05	2E-05	0.00025	0.00038	0.00019
Cer 22:0;2O_20:0;(3OH)(FA 18:2)	1E-05	0	1E-05	1E-05	2E-05	1E-05	2E-05	2E-05	2E-05	0.00033	0.00061	0.00017
Cer 22:0;2O_21:0;(3OH)(FA 15:0)	0	0	0	0	0	0	1E-05	0	0	6E-05	0.00013	4E-05
Cer 22:0;2O_21:0;(3OH)(FA 16:0)	0	0	0	0	0	1E-05	0.00017	0.00011	0.00019	0.00075	0.00219	0.00011
Cer 22:0;2O_21:0;(3OH)(FA 18:0)	0	0	0	0	0	0	3E-05	4E-05	0	0.00039	0.00131	0.00035
Cer 22:0;2O_21:0;(3OH)(FA 18:1)	0	0	0	0	0	3E-05	0.00015	0.00014	0.00016	0.00146	0.00216	9E-05
Cer 22:0;2O_21:0;(3OH)(FA 18:2)	1E-05	0	0	0	0	0	0.0001	1E-05	0	0.00051	0.00026	0.00046
Cer 22:0;2O_22:0;(3OH)(FA 18:2)	0	0	0	0	0	0	0	0	0	2E-05	1E-05	1E-05
Cer 22:0;3O_20:0;(2OH)	6E-05	0.00013	2E-05	7E-05	0.00012	0.00011	0.00027	0.0002	0.00021	0.00013	0.00018	0.00011
Cer 23:0;2O_23:0;(2OH)	5E-05	5E-05	7E-05	2E-05	3E-05	3E-05	2E-05	3E-05	5E-05	6E-05	0.0001	5E-05
Cer 26:1;3O(FA 18:2)	9E-05	8E-05	9E-05	1E-05	0.00019	1E-05	0.00033	0.00024	0.00026	0.00021	0.00028	0.00013
Cer 27:1;3O_17:2;(2OH)	0.00036	0.00038	0.00039	0.00039	0.00036	0.00034	0.00023	0.00018	0.00021	0.00037	0.00045	0.00024
Cer 28:5;3O(FA 18:2)	0	0	0	4E-05	0.00016	0.00016	0	0	0	0	0	1E-05
Cer 29:4;3O(FA 18:2)	2E-05	2E-05	2E-05	2E-05	1E-05	2E-05	9E-05	6E-05	7E-05	4E-05	7E-05	4E-05
Cer 30:3;3O(FA 18:2)	8E-05	8E-05	0.0002	0.00018	0.0002	8E-05	3E-05	1E-05	1E-05	2E-05	0.00018	8E-05
Cer 30:4;3O(FA 18:2)	0.00021	0.0002	0.00023	0.00028	0.00027	0.00026	0.00121	0.00081	0.00096	0.00057	0.0008	0.00041
Cer 31:3;3O(FA 18:1)	6E-05	2E-05	6E-05	2E-05	1E-05	4E-05	9E-05	1E-05	1E-05	2E-05	0.00031	3E-05
Cer 31:3;3O(FA 18:2)	0	2E-05	1E-05	0	0	0	0	0	1E-05	3E-05	8E-05	1E-05
Cer 31:4;3O(FA 18:1)	0.00278	0.00305	0.0031	0.00311	0.003	0.00281	0.0023	0.00161	0.00188	0.00273	0.00332	0.00178
Cer 31:4;3O(FA 18:2)	0.00034	0.00037	0.00037	0.00021	0.00046	0.00048	0.00219	0.00197	0.00114	0.00064	0.0007	0.00044
Cer 31:5;3O(FA 16:0)	0.00041	0.0003	0.00035	0	2E-05	1E-05	0.01251	0.0052	0.00543	2E-05	0.00564	0.00098
Cer 31:5;3O(FA 18:1)	0.00072	0.0008	0.00081	0.00118	0.00153	0.00127	0.00298	0.00228	0.00246	0.00182	0.00231	0.00117
Cer 33:2;3O(FA 18:1)	0	0	0	0	0	0	0	0	0	2E-05	3E-05	2E-05
Cer 33:2;3O(FA 18:2)	0	0	0	0.00016	1E-05	0	0	0	0	0	0	0
Cer 33:3;3O(FA 18:1)	1E-05	3E-05	2E-05	1E-05	1E-05	5E-05	0	0	0	5E-05	3E-05	0
Cer 34:0;3O(FA 18:1)	0	0	1E-05	0	0	0	1E-05	1E-05	1E-05	0.00024	0.00017	0.00018
Cer 34:0;3O(FA 18:2)	4E-05	0.0001	8E-05	3E-05	4E-05	2E-05	2E-05	0	2E-05	0.00033	0.00041	0.00024
Cer 34:1;3O(FA 16:0)	1E-05	0	1E-05	0	0	0	0	0	0	6E-05	4E-05	1E-05
Cer 34:2;3O(FA 16:0)	2E-05	2E-05	3E-05	1E-05	2E-05	2E-05	0	0	6E-05	3E-05	6E-05	6E-05
Cer 34:2;3O(FA 18:1)	3E-05	3E-05	3E-05	1E-05	1E-05	2E-05	0	0	0	9E-05	0.00011	6E-05
Cer 34:2;3O(FA 18:2)	0.00012	0.00014	0.00012	1E-05	3E-05	1E-05	1E-05	0	0	0.0002	0.00022	0.00014
Cer 34:3;3O(FA 18:2)	5E-05	6E-05	6E-05	2E-05	3E-05	3E-05	1E-05	0	2E-05	0.00025	0.00034	0.00018
Cer 35:2;3O(FA 18:1)	3E-05	2E-05	3E-05	2E-05	1E-05	1E-05	1E-05	1E-05	2E-05	0.00017	0.00034	0.00013
Cer 35:2;3O(FA 18:2)	0.00016	0.00015	0.00017	9E-05	9E-05	8E-05	3E-05	3E-05	2E-05	0.0006	0.00065	0.00041
Cer 35:3;3O(FA 18:1)	3E-05	2E-05	3E-05	2E-05	2E-05	1E-05	0	0	0	8E-05	5E-05	5E-05
Cer 36:0;3O(FA 16:0)	2E-05	2E-05	3E-05	1E-05	2E-05	2E-05	2E-05	1E-05	1E-05	0.00014	0.00011	9E-05
Cer 36:0;3O(FA 18:0)	0	0	0	0	0	0	0	0	0	3E-05	7E-05	0
Cer 36:0;3O(FA 18:1)	2E-05	2E-05	3E-05	2E-05	1E-05	1E-05	1E-05	1E-05	1E-05	0.00019	0.00021	5E-05
Cer 36:1;3O(FA 18:1)	8E-05	9E-05	0.0001	2E-05	3E-05	3E-05	2E-05	2E-05	2E-05	0.0008	0.00076	0.00044
Cer 36:1;3O(FA 18:2)	1E-05	2E-05	2E-05	1E-05	1E-05	1E-05	0	0	1E-05	0.00156	0.00208	0.00107
Cer 36:2;3O(FA 15:0)	3E-05	3E-05	0	0	0	0	0	0	1E-05	0.00015	0.00014	0.0001
Cer 36:2;3O(FA 16:0)	4E-05	2E-05	4E-05	1E-05	1E-05	0	0	3E-05	1E-05	0.00043	0.00068	0.0003
Cer 36:2;3O(FA 18:1)	0	1E-05	0	0	0	0	0	4E-05	0	0.00019	0.00019	0.00014
Cer 36:2;3O(FA 18:2)	2E-05	4E-05	4E-05	0	1E-05	1E-05	4E-05	0	1E-05	0.00075	0.00081	0.00075
Cer 36:2;3O(FA 24:0)	0	0	1E-05	0	0	0	0	0	0	4E-05	4E-05	3E-05
Cer 36:4;3O(FA 18:1)	1E-05	1E-05	2E-05	2E-05	2E-05	2E-05	7E-05	6E-05	8E-05	0.00054	0.00076	0.00042
Cer 37:0;3O(FA 18:2)	6E-05	6E-05	6E-05	1E-05	3E-05	3E-05	1E-05	0	1E-05	0.00011	9E-05	8E-05
Cer 37:1;3O(FA 16:0)	0	1E-05	0	0	0	0	0	0	0	1E-05	1E-05	0
Cer 37:1;3O(FA 18:2)	0.00026	0.00028	0.00028	7E-05	7E-05	7E-05	0	0	0	0.00022	0.00023	0.00017
Cer 38:0;3O(FA 18:1)	0	0	1E-05	1E-05	1E-05	0	1E-05	0	0	0	0	1E-05
Cer 38:1;3O(FA 18:1)	0	0	0	0	0	0	2E-05	0	0	1E-05	1E-05	0
Cer 38:4;3O(FA 18:2)	0	0	0	1E-05	3E-05	0	3E-05	2E-05	3E-05	3E-05	3E-05	3E-05
Cer 39:2;3O(FA 18:2)	0	1E-05	0	0	0	0	0	0	2E-05	6E-05	0.00014	4E-05
Cer 40:0;3O(FA 18:2)	5E-05	7E-05	8E-05	3E-05	3E-05	2E-05	0	0	0	0.0001	3E-05	6E-05
Cer 40:2;3O(FA 16:0)	2E-05	3E-05	3E-05	2E-05	2E-05	3E-05	1E-05	2E-05	3E-05	0.00026	0.0004	0.00018
Cer 40:4;3O(FA 18:1)	0	0	0	0	0	0	0	0	0	6E-05	0.0001	4E-05
Cer 40:5;3O(FA 18:2)	1E-05	2E-05	0	0	0	0	0	0	0	0.00033	0.00016	0.00011
Cer 41:0;3O(FA 18:1)	0	0	0	0	0	0	0	0	0	0.00014	0	5E-05
Cer 42:0;3O(FA 18:1)	1E-05	1E-05	1E-05	3E-05	3E-05	6E-05	2E-05	2E-05	2E-05	0.00018	0.00031	0.00016
Cer 42:0;3O(FA 24:0)	0	0	0	0	0	0	0	0	0	2E-05	4E-05	1E-05
Cer 42:1;3O(FA 16:0)	3E-05	4E-05	3E-05	2E-05	3E-05	3E-05	1E-05	2E-05	5E-05	0.00017	0.00028	0.00011
Cer 42:1;3O(FA 18:1)	6E-05	0.00011	0.00011	1E-05	1E-05	1E-05	2E-05	1E-05	2E-05	6E-05	0.00015	9E-05
Cer 42:1;3O(FA 18:2)	2E-05	3E-05	2E-05	2E-05	2E-05	1E-05	1E-05	0	1E-05	4E-05	0.0002	1E-05
Cer 43:0;3O(FA 18:2)	0	0	0	0	0	0	0	0	0	0.00042	0.0003	0.00027
Cer 44:2;3O(FA 16:0)	0	0	1E-05	3E-05	3E-05	4E-05	0	0	0	8E-05	0.00016	6E-05
Cer 44:5;3O(FA 26:0)	0	0	0	0	0	0	1E-05	0	1E-05	3E-05	4E-05	3E-05
Cer 44:9;3O(FA 18:2)	3E-05	4E-05	5E-05	2E-05	3E-05	2E-05	7E-05	6E-05	0.0001	5E-05	8E-05	4E-05
Cer 45:0;3O(FA 16:0)	0	0	0	0	0	0	0	0	0	0.00028	0.00037	0.00018
Cer 45:0;3O(FA 18:1)	0	0	0	0	0	0	3E-05	1E-05	5E-05	0	9E-05	0
Cer 45:0;3O(FA 18:2)	0	0	0	1E-05	0	0	2E-05	1E-05	0	0.00014	4E-05	7E-05
Cer 45:1;3O(FA 16:0)	1E-05	0	2E-05	1E-05	1E-05	1E-05	2E-05	2E-05	1E-05	0.00067	0.00101	0.00037
Cer 45:9;3O(FA 18:2)	0.00012	0.0001	0.0001	2E-05	2E-05	0	1E-05	6E-05	5E-05	5E-05	0.00011	6E-05
Cer 47:6;3O(FA 18:2)	0	0	0	2E-05	0	0	0	0	0	2E-05	0.0001	3E-05
Cer 48:4;3O(FA 18:1)	0	0	0	0	0	0	1E-05	0	1E-05	0.00018	0.0004	0.00016
Cer 56:3;3O(FA 18:2)	0	0	0	0	0	0	0	0	0	2E-05	0	2E-05
CL 12:0_18:2_16:0_18:2	0	0	0	0	0	0	0	0	0	1E-05	1E-05	0
CL 14:0_18:0_18:0_18:2	6E-05	0.00011	8E-05	4E-05	6E-05	7E-05	2E-05	0	2E-05	3E-05	5E-05	2E-05
CL 14:1_18:1_18:1_18:2	1E-05	3E-05	3E-05	2E-05	1E-05	3E-05	0	0	0	1E-05	0	0
CL 15:0_16:0_16:0_18:1	0	0	0	0	0	0	2E-05	5E-05	2E-05	0	0	0
CL 15:0_16:0_18:2_18:3	5E-05	6E-05	5E-05	0.00015	0.00016	0.0002	5E-05	0.00014	0.00018	0.00016	0.00029	6E-05
CL 15:0_18:1_18:2_18:2	6E-05	6E-05	5E-05	4E-05	1E-05	5E-05	0	0	0	2E-05	3E-05	1E-05
CL 15:0_18:2_18:2_22:3	0.00012	0.00016	0.00012	4E-05	5E-05	9E-05	2E-05	2E-05	3E-05	2E-05	8E-05	3E-05
CL 15:0_24:0_18:1_18:2	4E-05	6E-05	4E-05	0.0001	0.00011	0.00015	2E-05	7E-05	8E-05	0.0001	0.00014	1E-05
CL 16:0_17:2_17:2_18:2	0	1E-05	1E-05	0	1E-05	0	0	1E-05	1E-05	7E-05	6E-05	2E-05
CL 16:0_18:0_18:0_16:2	0	1E-05	0	1E-05	1E-05	1E-05	8E-05	0.00017	5E-05	1E-05	1E-05	0
CL 16:0_18:1_16:0_18:1	8E-05	9E-05	0.00011	7E-05	7E-05	0.00012	1E-05	1E-05	2E-05	6E-05	9E-05	2E-05
CL 16:0_18:1_18:1_18:1	0.0001	0.00013	0.00011	5E-05	4E-05	0.0001	1E-05	0	1E-05	3E-05	4E-05	1E-05
CL 16:0_18:1_18:1_18:2	0.0001	0.00072	0.00057	0.00021	0.00034	0.0004	1E-05	1E-05	2E-05	0.00029	0.00031	8E-05
CL 16:0_18:1_18:2_22:3	3E-05	8E-05	3E-05	7E-05	2E-05	6E-05	5E-05	7E-05	7E-05	9E-05	0.00014	2E-05
CL 16:0_18:2_16:0_18:2	6E-05	9E-05	6E-05	6E-05	9E-05	0.00011	0	0	0	5E-05	4E-05	1E-05
CL 16:0_18:2_18:1_18:2	0.00057	0.00081	0.00065	0.00038	0.00044	0.0006	1E-05	2E-05	1E-05	0.00034	0.00022	0.0001
CL 16:0_18:2_18:2_18:2	0.00026	0.00048	0.00032	0.0001	0.0002	0.00017	0	1E-05	1E-05	9E-05	0.00022	7E-05
CL 16:1_18:1_16:1_18:1	0	0	0	0	0	0	0	0	0	0	1E-05	0
CL 16:1_18:1_18:1_18:2	0	0	0	0	0	0	2E-05	0	1E-05	4E-05	0.00017	2E-05
CL 16:1_18:1_18:2_18:2	0.00026	0.00025	0.00032	0.00012	0.00023	0.0003	6E-05	0.00011	0.00012	9E-05	0.00027	1E-05
CL 16:1_18:2_18:2_18:2	3E-05	6E-05	5E-05	3E-05	5E-05	5E-05	0	0	0	0	2E-05	0
CL 16:2_18:2_18:2_18:2	0.00029	0.0002	0.00048	0.00022	0.00019	0.00032	0.00017	0.00025	0.00031	0.00098	0.00013	0.00027
CL 17:0_18:0_26:0_18:1	0	1E-05	0	0	0	0	0	5E-05	1E-05	1E-05	8E-05	2E-05
CL 17:0_18:1_18:1_18:1	7E-05	0.0001	9E-05	8E-05	0.0001	0.00014	1E-05	1E-05	1E-05	0.00064	0.00093	0.00026
CL 17:2_18:2_18:2_18:2	7E-05	0.0002	0.00013	9E-05	6E-05	6E-05	0	0	0	2E-05	1E-05	1E-05
CL 18:0_16:1_18:2_22:5	0	0	2E-05	0	0	0	2E-05	3E-05	2E-05	0.00022	0.00178	6E-05
CL 18:0_18:1_18:1_18:2	4E-05	0.00016	0.00018	7E-05	1E-05	7E-05	3E-05	3E-05	8E-05	3E-05	8E-05	1E-05
CL 18:0_26:0_18:1_18:1	0.00012	0.00019	0.00018	8E-05	9E-05	0.00014	1E-05	4E-05	2E-05	0.00126	0.002	0.00049
CL 18:0_26:0_18:1_18:2	0.00012	0.0002	0.00015	4E-05	7E-05	9E-05	7E-05	0.0001	9E-05	8E-05	0.00045	7E-05
CL 18:1_18:1_18:1_18:1	0.00011	0.00013	0.0001	3E-05	4E-05	5E-05	0	0	0	4E-05	4E-05	1E-05
CL 18:1_18:1_18:1_18:2	0.00075	0.00096	0.00097	0.00021	0.00029	0.00037	0	1E-05	1E-05	0.00026	0.00035	0.00011
CL 18:1_18:1_18:2_18:2	0.00054	0.00076	1E-05	1E-05	0.00029	0.00027	0.00014	0	0.00071	0.00022	0.0011	8E-05
CL 18:1_18:2_18:1_18:2	0.00193	0.00319	0.00292	0.00087	0.00094	0.00121	3E-05	5E-05	4E-05	0.00082	0.00048	0.00036
CL 18:1_18:2_18:2_18:2	0.0015	0.00317	0.00162	0.00037	0.00059	0.0002	2E-05	3E-05	2E-05	0.00054	0.00038	0.0004
CL 18:2_18:2_18:2_18:2	0.00124	0.00149	0.00159	0.00051	0.00062	0.00077	1E-05	2E-05	2E-05	0.00035	0.00049	0.0003
CL 18:2_18:2_18:2_22:5	2E-05	2E-05	3E-05	4E-05	3E-05	5E-05	0	0	0	0	1E-05	0
CL 24:0_18:2_18:2_20:4	1E-05	1E-05	1E-05	7E-05	8E-05	0.00011	0	0	1E-05	6E-05	0.00021	4E-05
CL 24:0_18:2_18:3_20:5	2E-05	0	1E-05	2E-05	1E-05	2E-05	0	0	0	5E-05	4E-05	0
CL 26:0_18:1_18:1_18:2	0.00064	0.00092	0.00082	0.0001	0.0001	0.00017	4E-05	0.00011	9E-05	0.00127	0.00268	0.00055
CL 26:0_18:1_18:2_18:2	9E-05	3E-05	3E-05	3E-05	5E-05	5E-05	3E-05	3E-05	4E-05	6E-05	0.00024	0
CL 26:0_18:1_18:2_18:3	0.00011	0.00017	0.00016	6E-05	0.00012	0.00016	0	0	5E-05	0.00029	0.00042	0.0001
CL 28:0_18:1_18:1_18:2	0	0.00011	3E-05	3E-05	1E-05	4E-05	7E-05	6E-05	5E-05	6E-05	9E-05	2E-05
CL 29:2_36:4	0.00023	0.0003	0.00023	0.00011	0.00011	0.00011	0	1E-05	1E-05	5E-05	7E-05	3E-05
DG 15:0_18:2	0.00033	0.00041	0.00034	0.00133	0.00131	0.00143	0.00023	0.00019	0.00018	0.00067	0.00047	0.00046
DG 16:0_16:0	0.00011	4E-05	4E-05	5E-05	3E-05	4E-05	1E-05	1E-05	1E-05	6E-05	9E-05	3E-05
DG 16:0_18:0	0.00032	7E-05	9E-05	6E-05	4E-05	6E-05	1E-05	1E-05	1E-05	0.00018	0.00025	0.00018
DG 16:0_18:1	0.00014	0.00016	0.00015	0.00064	0.00056	0.00076	0.00028	0.00027	0.00025	4E-05	5E-05	7E-05
DG 16:0_24:6	0.00568	0.00195	0.00198	0.00095	0.00132	0.00082	0	0	0	0.0025	0.00353	0.00258
DG 16:1_18:1	0.00149	0.00166	0.00174	0.00336	0.00298	0.00347	0.00102	0.00085	0.00077	0.00264	0.00213	0.00219
DG 16:1_18:2	3E-05	0.00014	4E-05	0.00155	0.00146	0.00159	0.00046	0.00039	0.00037	0.00039	0.00034	0.00031
DG 17:1_18:2	2E-05	4E-05	4E-05	0.00025	0.00024	0.00028	1E-05	0	2E-05	2E-05	4E-05	3E-05
DG 17:2_18:2	1E-05	3E-05	1E-05	0.00027	0.00031	0.00033	7E-05	1E-05	5E-05	8E-05	5E-05	8E-05
DG 17:2_26:6	0.00189	0.00241	0.00211	0.006	0.00578	0.0064	0.00036	0.0003	0.00029	0.004	0.00266	0.00227
DG 18:0_18:0	0.0005	9E-05	7E-05	7E-05	5E-05	7E-05	0	1E-05	0	0.00013	0.00021	0.00013
DG 18:0_26:6	0.01024	0.00266	0.00248	0.00143	0.0013	0.00071	0	0	0	0.00692	0.00791	0.00758
DG 18:1_18:1	7E-05	7E-05	8E-05	0.00138	0.0011	0.00136	0.00035	0.00027	0.00035	0.00039	0.00018	0.0003
DG 18:1_18:2	0.00114	0.0013	0.00136	0.00931	0.00882	0.00955	0.00129	0.001	0.00092	0.00385	0.00306	0.00302
DG 18:1_24:1	1E-05	0	0	8E-05	6E-05	7E-05	4E-05	3E-05	4E-05	5E-05	5E-05	4E-05
DG 18:2_18:2	0.01519	0.01763	0.01521	0.03958	0.03757	0.04056	0.01252	0.00949	0.00905	0.03489	0.0269	0.02743
DG 18:2_18:3	0.00023	0.00029	0.00018	0.00072	0.00065	0.00071	8E-05	3E-05	8E-05	0.00048	0.00039	0.00038
DG 18:4_18:4	0.00197	0.0015	0.00174	0.00048	0.00116	0.00121	0.00485	0.00545	0.00529	0.00728	0.00571	0.00551
DG 22:3_22:4	6E-05	6E-05	5E-05	2E-05	2E-05	0	0.00105	0.00095	0.00064	0	0	0
DG 22:4_22:4	0	0	0	0.00038	0.00043	0.00036	2E-05	6E-05	0	0.00014	0.00015	0.00016
DG 26:1_18:2	0	1E-05	1E-05	0.00011	0.00011	0.00011	1E-05	0	1E-05	3E-05	3E-05	4E-05
DG O-16:0_16:1	0.00021	0.00017	0.00011	4E-05	7E-05	6E-05	3E-05	4E-05	4E-05	0.00011	0.00024	0.00014
DG O-16:3_22:3	0.00031	0.00033	0.0003	1E-05	2E-05	5E-05	0	0	0	0.00216	0.00185	0.00181
DG O-17:0_14:1	0.00029	0.00038	0.00036	6E-05	0.00022	6E-05	0.00013	0.00012	0.00012	0.00032	0.00032	0.00037
DG O-17:0_18:2	5E-05	9E-05	0.00013	1E-05	0	0	1E-05	0	1E-05	6E-05	5E-05	4E-05
DG O-18:0_14:1	0.00012	0.00015	0.00015	9E-05	0.00011	0.00011	3E-05	2E-05	3E-05	7E-05	6E-05	7E-05
DG O-19:1_14:1	0.00022	0.00022	7E-05	0.00021	0.00011	0.00021	0.00018	0.00016	0.00015	0.00018	0.00039	0.00021
DG O-19:2_18:2	1E-05	2E-05	1E-05	0	1E-05	0	0	0	0	0.00022	0.00024	0.00028
DG O-19:2_24:6	0.00018	0.00033	0.00029	9E-05	8E-05	6E-05	0	0	0	1E-05	4E-05	2E-05
DG O-21:1_14:1	0.00044	0	0	0	0	0	1E-05	0	0	0	0	0
DG O-21:1_16:1	0.00046	0	0	0	0	0	0	0.00014	0	1E-05	3E-05	0
DGDG 11:0_24:2	0	0	1E-05	4E-05	2E-05	0	0.0002	0.00015	0.00014	6E-05	0.0001	2E-05
DGDG 17:1_22:2	6E-05	9E-05	9E-05	0.00014	0.00016	0.0001	0	0	0	2E-05	1E-05	2E-05
DGDG 22:0_22:1	0	0	1E-05	8E-05	9E-05	5E-05	0	0	0	0	0	1E-05
DGTS 16:0_18:1	3E-05	4E-05	2E-05	0.00038	0.00035	0.00023	1E-05	3E-05	2E-05	0	0	0
DGTS 16:1_18:1	1E-05	0	1E-05	0.00111	0.00101	0.00084	2E-05	3E-05	7E-05	0	0	0
DGTS 18:1_18:1	0	0	1E-05	0.00202	0.00211	0.00189	0.00011	3E-05	2E-05	2E-05	1E-05	1E-05
DMPE 15:0_18:2	7E-05	9E-05	8E-05	5E-05	8E-05	7E-05	0	0	1E-05	6E-05	0.0001	2E-05
DMPE 16:0_20:1	0	0	0	0	0	0	0	0	0	0	0	0
DMPE 17:0_37:1	3E-05	2E-05	3E-05	0	0	0	0	0	0	6E-05	0.00012	2E-05
DMPE 18:0_18:2	1E-05	2E-05	1E-05	1E-05	0	0	0	0	0	0.00023	0.00058	3E-05
DMPE 18:1_18:1	3E-05	1E-05	1E-05	2E-05	2E-05	1E-05	1E-05	1E-05	1E-05	1E-05	2E-05	0
DMPE 18:1_18:2	0.00043	0.00075	0.00062	0.00032	0.00038	0.00043	7E-05	9E-05	7E-05	0.00024	0.00085	0.00019
DMPE 18:2_18:2	0.00308	0.00356	0.00305	0.00154	0.00213	0.00198	5E-05	0.0001	6E-05	0.00185	0.00306	0.00091
DMPE 18:2_18:3	3E-05	4E-05	3E-05	3E-05	3E-05	3E-05	0	1E-05	1E-05	1E-05	3E-05	1E-05
DMPE 18:2_21:2	1E-05	2E-05	2E-05	0	1E-05	1E-05	0	0	0	2E-05	4E-05	1E-05
DMPE 18:2_32:9	2E-05	3E-05	2E-05	2E-05	2E-05	1E-05	0	0	4E-05	3E-05	5E-05	2E-05
DMPE 19:1_18:2	0.00059	0.00051	0.00063	0.00036	0.00048	0.00043	0	0	0	0.00032	0.00023	0.00015
DMPE 36:1_19:2	3E-05	4E-05	4E-05	0	0	0	2E-05	0	0	0.00018	0.00019	9E-05
FA 15:0	0.00345	0.00362	0.0032	0.00246	0.00504	0.0046	0.00296	0.01053	0.00956	0.00034	0.00034	0.00019
FA 15:1	0.00014	0.00022	0.00052	0.00033	0.00037	0.00031	3E-05	7E-05	5E-05	0.00033	0.00012	0.00017
FA 15:3;O	0.00215	0.00195	0.00214	0.00212	0.00277	0.00242	0.00049	0.00055	0.00065	0.00137	0.00117	0.00065
FA 15:4	7E-05	8E-05	5E-05	9E-05	0.00011	9E-05	2E-05	6E-05	6E-05	7E-05	7E-05	2E-05
FA 16:0	0.09473	0.09964	0.0981	0.02612	0.0788	0.06879	0.03924	0.10382	0.09864	0.12441	0.04993	0.08994
FA 16:1	0.01583	0.01605	0.01667	0.01796	0.02249	0.01924	0.00408	0.01252	0.01213	0.06348	0.06329	0.0379
FA 16:2	0.00235	0.00247	0.00235	0.00109	0.00264	0.00228	0.00011	0.00033	0.00031	0.00943	0.00827	0.00501
FA 17:0	0.0042	0.00428	0.00408	0.00066	0.00174	0.00168	0.0014	0.00238	0.00319	0.00833	0.00906	0.00485
FA 18:0	0.04895	0.05111	0.05229	0.03639	0.04488	0.04008	0.00813	0.04098	0.04101	0.07378	0.0588	0.05005
FA 18:0;2O	0.00373	0.0026	0.0033	0.00044	0.00061	0.00048	0.00073	0.00095	0.00074	0.01651	0.02201	0.00846
FA 18:1	0.22568	0.24077	0.22079	0.13988	0.21863	0.18849	0.04345	0.17237	0.16506	0.14834	0.10765	0.10339
FA 18:1;(2OH)	0.00746	0.00685	0.00754	0.00482	0.00571	0.00502	0.00831	0.01241	0.01177	0.02866	0.03599	0.01451
FA 18:1;3O	0.00146	0.00115	0.00137	0.00024	0.00037	0.00031	0.00155	0.00332	0.00179	0.00565	0.00388	0.00269
FA 18:2	0.40287	0.4156	0.41262	0.07233	0.36599	0.31416	0.02978	0.22232	0.22194	0.19678	0.09663	0.12385
FA 18:2;2O	0.00185	0.00164	0.00162	0.00179	0.00273	0.00201	0.00276	0.0049	0.00172	0.0029	0.0019	0.00119
FA 18:2;O	0.06116	0.05999	0.06322	0.04267	0.05159	0.04514	0.05545	0.06607	0.06263	0.12576	0.11776	0.07481
FA 18:3	0.00473	0.00502	0.00577	0.00194	0.00261	0.00251	0.00042	0.0003	0.00041	0.01861	0.01382	0.00893
FA 18:3;4O	0.00011	0	0	0	2E-05	0	1E-05	0	0	5E-05	0.0001	5E-05
FA 18:3;O	0.00302	0.00235	0.00312	0.00211	0.00264	0.00229	0.00361	0.00383	0.0035	0.00928	0.03633	0.00469
FA 19:0	0.00027	0.00027	0.00029	0.00019	0.00022	0.00022	0.00018	0.00012	0.00022	0.00055	0.00052	0.0003
FA 19:1	0.00073	0.00074	0.00073	0.00034	0.00044	0.00038	0.00032	0.0003	0.00049	0.00431	0.00479	0.00243
FA 19:2	0.00017	0.00015	0.00014	1E-05	2E-05	3E-05	0.00013	0.00013	0.00018	0.00034	0.00039	0.00017
FA 19:3	0.00018	0.00015	0.00022	0.00038	0.00054	0.00066	0.00022	0.00082	0.00069	0.0005	0.00076	0.00026
FA 19:5	0.00017	0.00015	0.00014	4E-05	5E-05	4E-05	5E-05	6E-05	6E-05	0.00023	0.00014	6E-05
FA 2:0	0.00456	0.00436	0.00723	0.00661	0.00763	0.00839	0.00552	0.00534	0.00555	0.01104	0.01241	0.00576
FA 20:0	0.00158	0.0017	0.00171	0.00099	0.00123	0.00111	0.00182	0.00174	0.00172	0.00729	0.00778	0.00417
FA 20:1	0.00503	0.00522	0.00458	0.00094	0.00248	0.00215	0.00149	0.00212	0.00205	0.01713	0.01734	0.01003
FA 20:2	0.00563	0.00575	0.0049	0.00084	0.00306	0.00267	0.00012	0.00029	0.00038	0.01157	0.01267	0.00671
FA 20:5	3E-05	4E-05	5E-05	1E-05	0	1E-05	0	1E-05	0	0.00018	3E-05	1E-05
FA 21:0	0.00035	0.00036	0.00037	0.00016	0.00021	0.0002	0.00017	0.00031	0.0003	0.00053	0.0005	0.0003
FA 21:1	0.00025	0.00026	0.00025	0.00019	0.00022	0.00019	0.00026	0.00026	0.00026	0.00175	0.00209	0.00104
FA 21:2	0.00162	0.00155	0.00161	0.00156	0.00162	0.00124	3E-05	0.00013	0.00019	0.0003	0.00098	0.00015
FA 21:3	5E-05	4E-05	6E-05	0.00014	0.00015	0.00021	7E-05	4E-05	8E-05	0.0001	8E-05	5E-05
FA 22:0	0.00039	0.00045	0.00042	0.00018	0.00024	2E-05	0.00268	0.00282	0.00264	0.00694	0.00495	0.00379
FA 22:0;(2OH)	0.01813	0.01903	0.0179	0.00753	0.01872	0.01667	0.00202	0.00979	0.00948	0.01259	0.01145	0.00753
FA 22:1	0.00165	0.00174	0.00139	0.00129	0.00175	0.0029	0.00277	0.0027	0.00268	0.01156	0.01069	0.00584
FA 22:2	0.00049	0.00052	0.00042	0.00026	0.00014	0.00015	3E-05	5E-05	6E-05	0.00073	0.00078	0.00042
FA 22:2;3O	6E-05	7E-05	0.00016	4E-05	2E-05	6E-05	0	1E-05	3E-05	0.00041	0.00021	0.00016
FA 23:0	0.00096	0.00108	0.001	0.00065	0.00087	0.00075	0.0006	0.0014	0.00134	0.00389	0.00306	0.00227
FA 23:0;(2OH)	0.00261	0.00282	0.00244	0.00247	0.00294	0.00262	0.00047	0.00054	0.00063	0.00287	0.00401	0.0019
FA 23:1	0.00087	0.00098	0.00091	0.00095	0.00133	0.00113	0.00344	0.0039	0.00365	0.01083	0.01089	0.00643
FA 23:1;(2OH)	0.00062	0.00064	0.0007	0.00116	0.00174	0.00151	0.0001	0.00076	0.00086	0.0036	0.00513	0.00232
FA 24:0	0.00234	0.00252	0.0024	0.00089	0.00203	0.00172	0.00763	0.00867	0.00824	0.02736	0.0242	0.01699
FA 24:0;(2OH)	0.0172	0.01798	0.0178	0.0165	0.02108	0.01839	0.01123	0.01074	0.01048	0.01101	0.01968	0.01149
FA 24:1	0.00267	0.00279	0.00275	0.00217	0.00292	0.00235	0.02046	0.02227	0.02196	0.04681	0.04302	0.0298
FA 24:1;(2OH)	0.00658	0.00693	0.00612	0.00948	0.01202	0.01046	0.00536	0.01728	0.01626	0.03205	0.02852	0.01829
FA 24:1;O	1E-05	3E-05	2E-05	3E-05	2E-05	3E-05	0.00016	0.00106	0.00096	0.00035	0.00051	0.00022
FA 24:2	0.00011	0.00012	0.00012	0.00013	0.00015	0.00013	0.00026	0.00015	0.0003	0.00185	0.00174	0.00106
FA 25:0	0.00544	0.0057	0.00093	0.0084	0.00985	0.00887	0.00547	0.00659	0.01514	0.00611	0.00561	0.00371
FA 25:0;(2OH)	0.00183	0.00196	0.00194	0.00297	0.00358	0.00317	0.00092	0.0009	0.0009	0.00303	0.00319	0.00189
FA 25:0;O	0	0	0	2E-05	2E-05	2E-05	0.00014	0.00051	0.00041	0.00021	3E-05	0.00013
FA 25:1	0.00096	0.00103	0.00105	0.0015	0.00202	0.00172	0.00349	0.00466	0.00437	0.01221	0.01325	0.00761
FA 26:0	0.00015	0.00102	0.00111	0.00085	0.00114	0.00093	0.00176	0.0009	0.00232	0.00617	0.00911	0.00461
FA 26:1	0.00219	0.00234	0.00223	0.00052	0.00386	0.0033	0.01397	0.01542	0.01468	0.03449	0.03267	0.02222
FA 26:1;(2OH)	0.00132	0.00135	0.00133	0.00193	0.00372	0.00313	0.00522	0.00624	0.00602	0.00348	0.00207	0.00343
FA 26:1;O	0	0.00135	0	0.00101	0.00363	0.00307	0.00067	0.0059	0.00574	0.00079	0.00099	0.00046
FA 26:2	2E-05	2E-05	2E-05	4E-05	7E-05	5E-05	5E-05	5E-05	6E-05	0.00048	0.00047	0.00029
FA 26:2;O	0	0	0	0	0	1E-05	1E-05	2E-05	2E-05	7E-05	2E-05	0
FA 26:5	0	0	0	0	0	0	0	0	0	6E-05	0.0001	1E-05
FA 26:6	0.0002	0.00035	0.00027	7E-05	0.00029	4E-05	4E-05	4E-05	2E-05	0.00239	0.00221	0.00091
FA 27:0	4E-05	5E-05	8E-05	1E-05	7E-05	7E-05	0.0001	7E-05	0.00011	0.0001	0.00015	9E-05
FA 27:1	0	0	0	0	0	0	2E-05	1E-05	2E-05	2E-05	4E-05	2E-05
FA 28:0	6E-05	5E-05	7E-05	0.00028	0.00045	0.0004	0.00024	0.00016	0.00025	0.00012	0.00014	0.0001
FA 28:1	2E-05	2E-05	2E-05	1E-05	1E-05	1E-05	2E-05	2E-05	3E-05	0.0001	0.00016	7E-05
FA 28:5	2E-05	4E-05	3E-05	5E-05	2E-05	1E-05	0.00023	3E-05	3E-05	0.0004	0.0009	0.00024
FA 28:6	0.0001	0.00011	0.00011	0.00019	0.00024	0.0002	6E-05	0.0001	0.0001	7E-05	9E-05	3E-05
FA 28:7	0.00281	0.00344	0.00295	0.00155	0.00214	0.0021	0.00096	0.00116	0.0013	0.00615	0.00555	0.0033
FA 30:0	9E-05	4E-05	6E-05	0.00039	0.00053	0.00044	0.00019	0.00016	0.00017	8E-05	0.00015	6E-05
FA 30:4	9E-05	0.00011	0.0001	7E-05	0.00012	5E-05	0.0001	9E-05	7E-05	1E-05	0.00011	6E-05
FA 30:5	0	2E-05	3E-05	1E-05	0	6E-05	6E-05	0.00011	0.00011	0.00012	0.00016	9E-05
FA 32:0	5E-05	3E-05	4E-05	0.00045	0.00061	0.00044	0.00016	0.00016	0.00013	6E-05	3E-05	4E-05
FA 32:3	0.00163	0.00179	0.00176	0.00114	0.00177	0.00158	0.00193	0.00196	0.00189	0.00235	0.00268	0.00156
FA 32:6	0.00058	0.00064	0.00051	0.00031	0.00075	0.00056	3E-05	0.0003	0.00042	0.00036	0.0007	0.00046
FA 32:7	4E-05	8E-05	3E-05	1E-05	6E-05	9E-05	4E-05	5E-05	5E-05	3E-05	3E-05	3E-05
FA 32:8	0.00069	0.0006	0.00073	0.00034	0.00042	0.00034	0.0003	0.00032	0.0002	0.00049	0.00049	0.00026
FA 32:9	0.00045	0.00049	0.00036	0.00037	0.00047	0.00042	0.00064	0.00102	0.00091	0.00085	0.00064	0.00026
FA 33:0	1E-05	1E-05	1E-05	0	1E-05	1E-05	2E-05	2E-05	2E-05	1E-05	1E-05	1E-05
FA 34:7	3E-05	3E-05	3E-05	3E-05	7E-05	6E-05	2E-05	9E-05	7E-05	0.0001	8E-05	0.00015
FA 34:8	2E-05	2E-05	2E-05	3E-05	3E-05	3E-05	0	0	0	4E-05	3E-05	2E-05
FA 35:0	1E-05	1E-05	0	0	1E-05	0	1E-05	1E-05	1E-05	1E-05	0	0
FA 36:3	0.00231	0.00243	0.00249	0.00133	0.00235	0.00214	0.00111	0.00106	0.00102	0.00142	0.0013	0.0011
FA 36:4	2E-05	2E-05	2E-05	1E-05	2E-05	2E-05	1E-05	1E-05	1E-05	2E-05	1E-05	1E-05
FA 36:8	5E-05	6E-05	4E-05	0.00078	0.0017	0.00145	0	0	0	2E-05	2E-05	1E-05
FA 37:0	0	0	0	0	0	0	1E-05	0	0	0	0	0
FA 4:0	1E-05	1E-05	0	0	1E-05	1E-05	2E-05	2E-05	2E-05	5E-05	5E-05	3E-05
FA 42:7	8E-05	9E-05	9E-05	1E-05	2E-05	1E-05	1E-05	0	0	0.00025	0.00026	0.00015
FA 44:10	2E-05	3E-05	3E-05	0	0	0	1E-05	0	0	0.00073	9E-05	0.00027
FA 44:11	0.00023	0.00023	0.00022	5E-05	7E-05	4E-05	0.00021	0.00014	0.00019	0.00039	0.00012	0.00027
FA 44:12	8E-05	9E-05	9E-05	5E-05	4E-05	3E-05	2E-05	1E-05	1E-05	0.00039	0.00037	0.00022
FA 44:5	4E-05	3E-05	2E-05	3E-05	4E-05	3E-05	0.0001	0.00011	0.0001	0.00067	0.00119	0.00052
FA 44:6	0.00041	5E-05	4E-05	4E-05	2E-05	1E-05	5E-05	3E-05	3E-05	0.00021	0.00033	0.00015
FA 44:8	0	0	0	1E-05	1E-05	0	0	0	0	4E-05	2E-05	3E-05
FAHFA 10:0_10:0;O	0.00018	6E-05	0.00014	1E-05	6E-05	6E-05	3E-05	1E-05	4E-05	0.00054	8E-05	0.00015
FAHFA 11:0_17:3;O	0	0	1E-05	1E-05	3E-05	2E-05	3E-05	5E-05	4E-05	0.00017	0.00022	0.0001
FAHFA 12:0_17:2;O	0	0	6E-05	3E-05	0	0	1E-05	1E-05	1E-05	0.00015	0.00014	6E-05
FAHFA 12:0_17:3;O	0	0	0	0	0	0	1E-05	0	0	0.00036	0.00041	0.00021
FAHFA 13:0_17:2;O	0	0	0	0	0	1E-05	1E-05	2E-05	2E-05	0.00011	0.00011	6E-05
FAHFA 13:0_17:3;O	6E-05	5E-05	5E-05	5E-05	6E-05	6E-05	0.0001	0.00012	0.00011	0.00037	0.00041	0.00019
FAHFA 14:0_18:1;O	0	0	0	0	0	0	0	1E-05	0	0.00011	9E-05	7E-05
FAHFA 14:0_19:0;O	0	0.00011	0	0	0	0	0	0	0	7E-05	4E-05	7E-05
FAHFA 15:0_18:1;O	0.00014	0.00013	0.00014	6E-05	8E-05	7E-05	0	0	1E-05	0.00028	0.00035	0.00019
FAHFA 15:0_18:2;O	1E-05	1E-05	1E-05	0	1E-05	1E-05	0.0005	0.0003	0.0003	0.00094	0.00101	0.00057
FAHFA 15:0_19:0;O	0.00067	0.00066	0.00066	0.00054	0.00118	0.00099	0.0002	0.00041	0.0004	0.00158	0.002	0.00105
FAHFA 16:0_10:0;O	1E-05	1E-05	1E-05	0	0	0	0.00011	0.00011	0.00011	0.00019	0.00022	0.0001
FAHFA 16:0_16:0;O	1E-05	1E-05	2E-05	0	0	0	1E-05	0	1E-05	0.0001	0.00013	7E-05
FAHFA 16:0_18:1;O	0.00014	0.00011	0.00013	1E-05	7E-05	3E-05	7E-05	6E-05	3E-05	0.00277	0.00422	0.00197
FAHFA 16:0_18:2;O	0.00045	0.00047	0.00049	0.00016	0.00021	0.00025	0.00143	0.00186	0.00195	0.02046	0.01801	0.0133
FAHFA 16:0_19:0;O	0.01223	0.01278	0.01231	0.0116	0.01496	0.01288	0.00625	0.007	0.0069	0.03354	0.03857	0.02171
FAHFA 16:0_24:1;O	1E-05	1E-05	1E-05	1E-05	2E-05	2E-05	2E-05	2E-05	1E-05	0.00017	0.00016	0.00011
FAHFA 16:0_8:0;O	1E-05	0	2E-05	1E-05	1E-05	2E-05	6E-05	0.00045	0.00043	0.00026	0.00031	0.00015
FAHFA 16:0_9:0;O	1E-05	1E-05	0	2E-05	2E-05	2E-05	8E-05	0.00012	5E-05	0.00026	0.00032	0.00014
FAHFA 16:1_18:2;O	5E-05	5E-05	4E-05	4E-05	1E-05	5E-05	0.00025	0.00032	0.00032	0.00536	0.00309	0.00326
FAHFA 16:1_19:0;O	0.00074	0.0004	0.00027	0.0001	0.00042	0.00019	0.00016	0.00016	0.00015	0.00178	0.0021	0.00109
FAHFA 16:2_18:2;O	1E-05	1E-05	1E-05	0	0	0	2E-05	3E-05	3E-05	0.0006	0.00047	0.00033
FAHFA 17:0_18:2;O	0.00013	0.00013	0.00015	6E-05	8E-05	7E-05	3E-05	1E-05	3E-05	0.0005	0.00055	0.00031
FAHFA 17:1_18:2;O	0	0	0	0	0	0	0	2E-05	0	2E-05	5E-05	4E-05
FAHFA 17:2_18:2;O	0	0	0	0	1E-05	0	1E-05	0.00015	0.00014	0.00048	0.00027	0.00029
FAHFA 18:0_18:0;O	3E-05	3E-05	3E-05	0	0	0	0	0	0	2E-05	1E-05	2E-05
FAHFA 18:0_18:1;O	1E-05	0.0002	1E-05	0	5E-05	0	1E-05	1E-05	1E-05	0.00022	0.00023	0.00014
FAHFA 18:0_18:2;O	0.0001	7E-05	0.0001	1E-05	1E-05	2E-05	0.0001	0.00011	0.00011	0.0027	0.00353	0.00186
FAHFA 18:0_19:0;O	0.00055	0.00058	0.00058	0.00019	0.00031	0.00024	0.0003	0.00031	0.0003	0.00396	0.00478	0.00248
FAHFA 18:1_10:0;O	2E-05	3E-05	2E-05	0	1E-05	0	0.00031	0.00027	0.00029	0.00067	0.00066	0.00033
FAHFA 18:1_14:0;O	0	1E-05	0	0	0	0	0	1E-05	0	4E-05	5E-05	2E-05
FAHFA 18:1_17:2;O	0	0	1E-05	1E-05	1E-05	1E-05	0.00021	0.00022	0.00021	0.00019	0.00024	0.0001
FAHFA 18:1_18:0;O	0.0002	0.00019	0.0002	4E-05	5E-05	5E-05	1E-05	1E-05	1E-05	0.00091	0.00118	0.00064
FAHFA 18:1_18:1;O	0.0022	0.00219	0.00022	0.00019	6E-05	7E-05	0.00061	0.00039	0.0007	0.01631	0.02376	0.01141
FAHFA 18:1_18:2;O	0.00051	0.00056	0.00062	0.00015	0.00017	0.00018	0.00184	0.00423	0.0041	0.05963	0.04756	0.04046
FAHFA 18:1_19:0;O	0.01993	0.02084	0.01976	0.00543	0.00804	0.007	0.00792	0.00968	0.00939	0.07296	0.06735	0.04659
FAHFA 18:1_19:1;O	2E-05	2E-05	2E-05	1E-05	1E-05	1E-05	4E-05	1E-05	0.00032	0.0008	0.00075	0.00049
FAHFA 18:1_19:2;O	0	0	0	0	0	0	3E-05	3E-05	3E-05	0.00026	0.00024	0.00015
FAHFA 18:1_19:5;O	0	1E-05	0	0	0	1E-05	7E-05	3E-05	0.00024	5E-05	0	0
FAHFA 18:1_21:0;O	9E-05	9E-05	9E-05	0	1E-05	4E-05	1E-05	0.00011	0.00012	0.00033	0.00018	0.00021
FAHFA 18:1_22:5;O	0.00017	0.0002	6E-05	0	6E-05	8E-05	2E-05	0	0.0002	0.00045	0.00048	0.0002
FAHFA 18:1_24:0;O	0	0	0	0	1E-05	0	0	1E-05	1E-05	9E-05	0.0001	6E-05
FAHFA 18:1_24:1;O	0.00012	1E-05	1E-05	1E-05	5E-05	4E-05	3E-05	1E-05	1E-05	0.00061	0.00057	0.00039
FAHFA 18:1_24:6;O	0	0	0	0	0	0	1E-05	1E-05	1E-05	0.00016	0.00023	0.0001
FAHFA 18:1_26:1;O	0	0	0	0	0	0	0	0	0	6E-05	6E-05	5E-05
FAHFA 18:1_28:6;O	2E-05	3E-05	4E-05	2E-05	4E-05	2E-05	7E-05	6E-05	7E-05	0.00066	0.00081	0.00047
FAHFA 18:1_8:0;O	0	0	3E-05	4E-05	0	0	0.00045	0.0005	0.00052	0.00146	0.00162	0.00087
FAHFA 18:1_9:0;O	0	1E-05	1E-05	0	1E-05	0	7E-05	9E-05	8E-05	0.00026	0.00087	0.0003
FAHFA 18:2_10:0;O	0.0001	0.0001	9E-05	3E-05	3E-05	4E-05	8E-05	1E-05	0.00011	0.0023	0.00259	0.00131
FAHFA 18:2_16:0;O	5E-05	6E-05	6E-05	4E-05	0.00011	5E-05	2E-05	2E-05	3E-05	0.00074	0.00045	0.0004
FAHFA 18:2_18:2;O	2E-05	1E-05	1E-05	1E-05	1E-05	1E-05	5E-05	0	0	0.00078	0.00073	0.00048
FAHFA 18:2_19:0;O	0.01296	0.01355	0.00997	0.00256	0.00364	0.00302	0.00226	0.00217	0.0023	0.03944	0.03799	0.03452
FAHFA 18:2_19:1;O	2E-05	3E-05	3E-05	3E-05	3E-05	3E-05	0	0	0	0.0002	0.00027	0.00014
FAHFA 18:2_20:2;O	0	0	2E-05	0	1E-05	0	0	0	0	0.00012	0.00012	7E-05
FAHFA 18:2_21:5;O	1E-05	0.00017	3E-05	1E-05	0.0001	9E-05	3E-05	0.0003	0.00029	0.0002	0.00047	0.00013
FAHFA 18:2_24:1;O	5E-05	5E-05	0.0001	7E-05	7E-05	8E-05	1E-05	1E-05	1E-05	0.00101	0.00105	0.0007
FAHFA 18:2_25:1;O	3E-05	3E-05	3E-05	0.0001	0.00012	0.0001	0	0	0	0.00028	0.00029	0.0002
FAHFA 18:2_26:1;O	1E-05	1E-05	1E-05	3E-05	3E-05	2E-05	0	3E-05	3E-05	0.00021	0.00018	0.00013
FAHFA 18:2_26:6;O	0.00012	0.00012	0.00012	5E-05	6E-05	4E-05	1E-05	4E-05	2E-05	0.00163	0.00197	0.00106
FAHFA 18:2_28:6;O	8E-05	7E-05	7E-05	0.0001	0.0001	0.0001	2E-05	3E-05	3E-05	0.00065	0.00109	0.00048
FAHFA 18:2_8:0;O	5E-05	4E-05	4E-05	4E-05	0	4E-05	0.00015	0.0003	0.00028	0.00365	0.00437	0.00212
FAHFA 18:2_9:0;O	4E-05	5E-05	4E-05	4E-05	6E-05	5E-05	6E-05	8E-05	9E-05	0.00159	0.0017	0.00088
FAHFA 18:3_19:0;O	8E-05	8E-05	8E-05	3E-05	3E-05	4E-05	0.00106	0.0013	0.00131	0.00504	0.00524	0.00293
FAHFA 18:4_19:1;O	1E-05	1E-05	1E-05	2E-05	0	0	0	2E-05	2E-05	8E-05	9E-05	6E-05
FAHFA 19:0_14:1;O	0	0	0	1E-05	0	0	3E-05	5E-05	4E-05	0.0002	0.00024	0.00014
FAHFA 19:0_15:1;O	0.00108	0.00118	0.00111	0.00031	0.00041	0.00039	0.00038	0.0004	0.00039	0.00545	0.00701	0.00368
FAHFA 19:0_17:2;O	0.00209	0.00209	0.00194	0.00024	0.00064	0.00056	0.00014	8E-05	0.00014	0.01401	0.01978	0.00974
FAHFA 19:0_17:3;O	0.00042	0.00041	0.00043	8E-05	0.00014	0.00015	0.00043	0.00026	0.0005	0.01819	0.01428	0.0119
FAHFA 19:0_18:1;O	0.00841	0.00855	0.00823	0.00252	0.00322	0.0028	0.00089	0.00105	0.00111	0.03495	0.03356	0.02348
FAHFA 19:0_18:2;O	0.01382	0.01425	0.01356	0.00374	0.00454	0.00388	0.00237	0.00285	0.00289	0.03698	0.03406	0.02341
FAHFA 19:0_21:4;O	7E-05	8E-05	8E-05	3E-05	3E-05	3E-05	1E-05	2E-05	2E-05	0.00051	0.00053	0.00031
FAHFA 19:0_22:5;O	0	0	1E-05	0	0	0	1E-05	1E-05	1E-05	6E-05	0	1E-05
FAHFA 19:0_26:0;O	0	0	0	7E-05	0	0	0	0	2E-05	5E-05	0.00013	9E-05
FAHFA 19:1_13:1;O	0	0	0	2E-05	0	0	2E-05	3E-05	4E-05	0.00053	0.00041	0.00034
FAHFA 19:1_15:1;O	0	0.00045	2E-05	2E-05	0.00021	1E-05	4E-05	3E-05	3E-05	0.00171	0.00205	0.00123
FAHFA 19:1_17:2;O	4E-05	2E-05	3E-05	0	1E-05	1E-05	0.00152	0.00423	0.0041	0.01177	0.01396	0.00787
FAHFA 19:1_17:3;O	0.0018	0.00191	0.00212	0.00029	0.00047	0.00048	0.004	0.00462	0.00504	0.06179	0.05604	0.04174
FAHFA 19:1_18:1;O	1E-05	1E-05	0	0	0	0	0.00041	0.00038	0.00045	0.00138	0.00126	0.00083
FAHFA 19:1_18:2;O	0.00071	0.00084	0.0007	0.00026	0.00029	0.00031	0.00128	0.00113	0.0016	0.00413	0.00636	0.00363
FAHFA 19:1_19:0;O	0.00069	0.0005	0.00069	0.00043	0.00047	0.00035	0.00011	0.00076	0.00074	0.00013	0.00155	0.00019
FAHFA 19:1_19:1;O	5E-05	6E-05	9E-05	2E-05	4E-05	3E-05	2E-05	0	0	0.00047	0.0004	0.00025
FAHFA 19:2_18:2;O	7E-05	8E-05	8E-05	1E-05	1E-05	2E-05	0.00057	0.00053	0.00062	0.00373	0.00396	0.00198
FAHFA 19:3_11:0;O	0.00061	0.00021	0.00048	0.00085	0.00124	0.001	0.00235	0.00218	0.00199	0.0009	0.00026	0.00034
FAHFA 19:3_18:3;O	4E-05	1E-05	0.00016	1E-05	3E-05	3E-05	9E-05	0.00017	0.00016	0.00058	0.00131	0.00041
FAHFA 19:4_18:2;O	7E-05	3E-05	6E-05	4E-05	6E-05	6E-05	6E-05	5E-05	8E-05	0.00011	2E-05	5E-05
FAHFA 19:4_18:3;O	1E-05	1E-05	1E-05	0	2E-05	0	0	0	1E-05	8E-05	0.00017	6E-05
FAHFA 19:5_18:3;O	5E-05	4E-05	4E-05	5E-05	6E-05	6E-05	0.00013	0.00017	4E-05	0.00011	6E-05	4E-05
FAHFA 2:0_16:0;O	0.00012	9E-05	0.00015	0.00021	0.00039	0.00043	4E-05	0.00025	0.00021	5E-05	9E-05	2E-05
FAHFA 2:0_17:2;O	0.00049	0.00022	0.00046	0.00022	0.00051	0.00044	0.00066	0.00099	0.00112	0.00174	0.00217	0.00073
FAHFA 2:0_19:2;O	0.00013	0.00012	0.00012	0.0001	0.00012	0.0001	4E-05	0.00011	0.00124	0.00041	0.00023	0.00014
FAHFA 2:0_24:3;O	1E-05	4E-05	1E-05	1E-05	2E-05	1E-05	2E-05	4E-05	3E-05	0.00022	0.00019	0.00011
FAHFA 20:0_14:1;O	3E-05	8E-05	5E-05	1E-05	1E-05	1E-05	0	0	0	4E-05	6E-05	3E-05
FAHFA 20:0_19:0;O	0.0001	0.00013	0.0001	3E-05	3E-05	3E-05	3E-05	4E-05	3E-05	0.00053	0.00075	0.0004
FAHFA 20:1_18:2;O	0	0	0	0	0	0	0.00026	1E-05	0.00051	0.0001	0.00033	3E-05
FAHFA 20:1_19:0;O	0.00016	0.00017	0.00016	6E-05	8E-05	7E-05	3E-05	6E-05	7E-05	0.00058	0.0003	0.00036
FAHFA 20:5_20:4;O	0	0	5E-05	7E-05	6E-05	9E-05	0.00033	0.00029	0.00024	0.00037	0.00039	0.00039
FAHFA 21:3_20:4;O	0	0	0	0	0	0	0	0	1E-05	0	9E-05	0
FAHFA 21:4_20:3;O	0.00015	0.00016	0.00015	4E-05	4E-05	4E-05	0.0001	4E-05	4E-05	0.0004	0.00042	0.00024
FAHFA 21:5_18:2;O	0.0004	0.0011	0.00047	0.00032	0.00062	0.00049	3E-05	0.00144	0.00128	0.00378	0.0039	0.00382
FAHFA 21:5_18:3;O	0.00047	0.00261	0.00114	0.00079	0.0011	0.00092	0.00034	0.00114	0.00168	0.00333	0.0065	0.00304
FAHFA 21:5_19:0;O	0.00146	0.00167	0.00168	0.00025	0.00026	0.00045	0.00035	0.00103	0.00058	0.00892	0.01167	0.00491
FAHFA 21:5_20:5;O	4E-05	3E-05	1E-05	1E-05	1E-05	1E-05	3E-05	3E-05	3E-05	0.00032	0.00035	0.00021
FAHFA 21:5_22:6;O	6E-05	3E-05	6E-05	2E-05	0	0	0.00011	0.00014	7E-05	0.00026	7E-05	0.0001
FAHFA 21:5_25:0;O	2E-05	2E-05	2E-05	0	0	0	0	0	0	0.00016	0.00035	0.00012
FAHFA 22:0_19:0;O	5E-05	5E-05	5E-05	0	2E-05	1E-05	2E-05	2E-05	1E-05	0.00019	0.00029	0.00014
FAHFA 22:1_18:2;O	0	0	0	0	0	0	0	0	0	5E-05	2E-05	0
FAHFA 22:1_19:0;O	6E-05	5E-05	5E-05	2E-05	2E-05	3E-05	4E-05	1E-05	2E-05	0.00037	0.00051	0.00026
FAHFA 22:2_18:2;O	7E-05	8E-05	7E-05	3E-05	3E-05	2E-05	7E-05	9E-05	9E-05	0.00052	0.00046	0.00031
FAHFA 22:4_17:2;O	5E-05	2E-05	1E-05	9E-05	0.00012	9E-05	7E-05	0.00018	2E-05	0.00044	0.0007	0.0003
FAHFA 22:4_19:0;O	0.0001	6E-05	0.00081	0	0	0	0	0	1E-05	0.00039	0.00061	0.00019
FAHFA 22:4_19:3;O	6E-05	3E-05	3E-05	1E-05	4E-05	4E-05	0.00017	0.00026	0.00035	0.0005	0.00022	0.00013
FAHFA 22:5_15:1;O	9E-05	0.0001	6E-05	5E-05	4E-05	5E-05	0.00019	0.00018	0.0002	9E-05	0.00021	0.00011
FAHFA 22:5_17:2;O	0.00034	0.0005	0.0005	0.00016	0.00028	8E-05	0.00041	0.00074	0.00081	0.00473	0.00747	0.00341
FAHFA 22:5_18:1;O	0.00098	0.00094	0.00103	0.00163	0.00502	0.0043	0.00011	0.0014	0.00091	0.00785	0.00604	0.00414
FAHFA 22:5_18:4;O	0	0	0	0	0	0	4E-05	2E-05	5E-05	3E-05	0.0001	2E-05
FAHFA 22:5_19:0;O	0.00013	0.00019	0.00011	0	1E-05	1E-05	0.00014	2E-05	7E-05	0.00075	0.00105	0.00035
FAHFA 22:5_19:1;O	0.00012	4E-05	3E-05	3E-05	2E-05	6E-05	0.00051	0.00031	0.00035	0.00051	0.00019	8E-05
FAHFA 22:6_18:2;O	0.00033	0.00021	0.00031	0.00071	0.00086	0.00079	0.00047	0.00089	0.00053	0.00206	0.00104	0.00103
FAHFA 22:6_8:0;O	1E-05	1E-05	4E-05	4E-05	6E-05	4E-05	0.00016	0.00036	9E-05	0.00012	9E-05	6E-05
FAHFA 23:0_17:3;O	1E-05	1E-05	0	1E-05	2E-05	1E-05	1E-05	1E-05	1E-05	0.00018	0.0002	0.00012
FAHFA 23:1_19:0;O	8E-05	6E-05	3E-05	2E-05	2E-05	2E-05	5E-05	7E-05	4E-05	0.00042	0.00072	0.00031
FAHFA 24:0_19:0;O	0.00025	0.00031	0.00033	0.00019	0.00015	0.00014	0.0002	0.00022	0.00019	0.00182	0.00266	0.00145
FAHFA 24:1_18:1;O	0	0	0	0	0	0	0	0	0	4E-05	2E-05	2E-05
FAHFA 24:1_18:2;O	1E-05	1E-05	1E-05	0	0	0	7E-05	8E-05	7E-05	0.00017	0.00017	0.00011
FAHFA 24:1_19:0;O	0.0002	0.00021	0.00022	9E-05	0.00012	0.00011	0.00027	0.00029	0.00027	0.00215	0.00315	0.0016
FAHFA 24:1_8:0;O	0	0	0	0	0	0	2E-05	4E-05	2E-05	0.0001	0.00012	8E-05
FAHFA 24:2_26:5;O	0	0	0	0	0	0	5E-05	3E-05	3E-05	0.00011	0.00013	8E-05
FAHFA 25:1_19:0;O	5E-05	4E-05	5E-05	2E-05	3E-05	2E-05	3E-05	3E-05	3E-05	0.00022	0.00024	0.00016
FAHFA 26:0_18:1;O	1E-05	1E-05	1E-05	0	0	0	0	0	0	0.00031	0.00039	0.00014
FAHFA 26:1_19:0;O	0.0001	0.00011	0.00015	7E-05	0.00014	0.00011	0.00019	0.00017	0.00016	0.00071	0.00071	0.00052
FAHFA 26:6_18:2;O	0	1E-05	0	1E-05	4E-05	2E-05	1E-05	1E-05	2E-05	0.00096	0.00102	0.00075
FAHFA 28:6_17:2;O	0	0	0	4E-05	0	0	1E-05	1E-05	1E-05	0.00024	0.00032	0.00017
FAHFA 5:0_26:6;O	3E-05	3E-05	3E-05	0	3E-05	0	9E-05	0.00033	0.00037	0.00022	0.00011	6E-05
FAHFA 6:0_18:1;O	1E-05	1E-05	2E-05	1E-05	1E-05	1E-05	0.0003	0.00031	0.00035	0.00022	0.00029	0.00014
FAHFA 9:0_18:4;O	0	0	0	6E-05	0.0001	9E-05	0	0	0	0	0	0
HexCer 17:2;2O_17:0;O	0.00315	0.00331	0.00313	0.00379	0.00389	0.00363	0.0009	0.00114	0.00124	0.00314	0.00558	0.00211
HexCer 18:3;3O_24:0;(2OH)	0.00023	0.00023	0.00024	0.00012	0.00011	0.0001	4E-05	3E-05	6E-05	0.00013	0.00016	6E-05
HexCer 20:1;2O_15:1;O	0.00879	0.00905	0.00377	0.00354	0.00501	0.00665	0.00642	0.00492	0.00517	0.00376	0.00361	0.00532
HexCer 22:1;2O_17:1;O	3E-05	1E-05	3E-05	0	0	0	2E-05	2E-05	4E-05	2E-05	5E-05	2E-05
HexCer 22:2;2O_19:0;O	9E-05	9E-05	0.0001	3E-05	4E-05	4E-05	4E-05	1E-05	2E-05	4E-05	5E-05	3E-05
HexCer 24:1;3O(FA 18:1)	0	0	0	0	0	0	5E-05	2E-05	0	0	0	0
HexCer 24:2;3O(FA 18:2)	0.0001	0.00011	0.0001	9E-05	0.0001	5E-05	2E-05	5E-05	6E-05	1E-05	1E-05	0
HexCer 28:6;3O(FA 18:2)	0.00013	0.00012	0.00021	0.00012	0.00011	0.00013	3E-05	0	6E-05	1E-05	7E-05	1E-05
HexCer 31:2;3O(FA 18:2)	2E-05	2E-05	2E-05	1E-05	1E-05	1E-05	0	0	0	1E-05	0	0
HexCer 34:8;3O(FA 18:2)	0.00014	0.00015	0.00014	8E-05	6E-05	8E-05	7E-05	5E-05	0.00045	0.00022	0.00034	0.00015
HexCer 35:2;3O(FA 15:0)	1E-05	1E-05	1E-05	0	0	0	2E-05	2E-05	2E-05	3E-05	6E-05	4E-05
HexCer 35:2;3O(FA 18:2)	0.00031	0.00019	0.00029	0	0	1E-05	0	2E-05	3E-05	0.00082	8E-05	0.00061
HexCer 36:1;3O(FA 18:2)	0.00011	0.00017	0.00017	7E-05	0.0001	0.0001	0.00027	0.00012	0.00018	0.0003	0.00032	0.00022
HexCer 36:2;3O(FA 16:0)	0.00022	0.00024	0.00016	3E-05	0.0001	0.00011	0	0	0	0.00041	0.00072	0.00033
HexCer 36:2;3O(FA 18:1)	0	1E-05	1E-05	0	1E-05	1E-05	5E-05	4E-05	2E-05	6E-05	8E-05	5E-05
HexCer 36:3;3O(FA 16:0)	0	0	0	0.00034	0	0	4E-05	3E-05	2E-05	0.00168	0.00291	0
HexCer 36:3;3O(FA 18:1)	0.00131	0.00136	0.00133	0.00027	0.00055	0.00049	0.00012	0.00011	0.0001	0.00072	0.00229	0.0011
HexCer 37:2;3O(FA 18:1)	0	0	0	0	0	0	0	1E-05	1E-05	3E-05	3E-05	1E-05
HexCer 37:2;3O(FA 18:2)	1E-05	1E-05	1E-05	0	0	0	4E-05	0	0	4E-05	4E-05	3E-05
HexCer 37:5;3O(FA 18:2)	0.00015	0.00011	0.00015	6E-05	6E-05	6E-05	0	0	0	0.00019	0.00029	0.0001
HexCer 38:9;3O(FA 18:2)	7E-05	5E-05	8E-05	2E-05	2E-05	3E-05	6E-05	5E-05	5E-05	3E-05	0.00011	3E-05
HexCer 39:7;3O(FA 18:2)	0.00046	0.00049	0.00046	0.00027	0.00027	0.00025	0	0	0	0.00058	0.00066	0.00037
HexCer 54:4;3O(FA 18:2)	0	0	0	0	0	0	0	0	0	1E-05	2E-05	1E-05
LPA 18:1	4E-05	4E-05	3E-05	1E-05	2E-05	2E-05	0.00016	0.00028	0.00014	9E-05	0.00025	7E-05
LPA 18:2	0.00186	0.00124	0.00112	0.00085	0.00082	0.00072	0.002	0.00184	0.00168	0.00323	0.00971	0.0016
LPA 19:1	0.00027	0.00013	0.00018	4E-05	0.00011	0.0001	0.00064	0.00046	0.0002	0.00073	0.00064	0.00041
LPA 19:2	1E-05	1E-05	2E-05	0	5E-05	6E-05	0.00013	0.00014	8E-05	5E-05	6E-05	2E-05
LPA 20:0	0	0	0	0	0	1E-05	8E-05	4E-05	3E-05	0.00014	0.00014	6E-05
LPA 21:3	0.00095	0.00043	0.0006	0.00133	0.00168	0.00139	0.00134	0.00047	0.00062	0.00118	0.00061	0.00031
LPA 21:4	0.00014	6E-05	7E-05	0.00015	0.00018	0.00016	0.00032	0.00017	0.00025	0.00018	0.00025	4E-05
LPA 26:5	1E-05	1E-05	0	4E-05	2E-05	2E-05	0.00012	9E-05	0.00033	4E-05	7E-05	2E-05
LPC 18:1	0.00029	0.00101	6E-05	0.00012	0.00034	0.00032	3E-05	3E-05	3E-05	0.0005	0.00213	0.00031
LPC 19:1	0.00016	9E-05	0.0001	5E-05	8E-05	7E-05	3E-05	4E-05	5E-05	5E-05	7E-05	4E-05
LPC 24:1	1E-05	0	1E-05	0	1E-05	1E-05	0	0	4E-05	0.00011	0.00013	6E-05
LPE 16:0	0.00039	0.00036	0.00037	9E-05	0.0001	0.00011	0.00011	0.00033	0.00032	0.00035	0.00068	0.0002
LPE 18:1	0.0004	0.0004	0.00037	8E-05	0.0001	0.00011	1E-05	1E-05	1E-05	0.00018	0.00096	0.0001
LPE 18:2	0.00304	0.00304	0.00306	0.00126	0.00132	0.00134	7E-05	4E-05	6E-05	0.00575	0.00672	0.0036
LPE 19:1	0.00022	0.00012	0.00019	3E-05	8E-05	5E-05	2E-05	3E-05	5E-05	0.00039	0.00012	9E-05
LPG 18:2	4E-05	3E-05	4E-05	5E-05	5E-05	0.00011	8E-05	5E-05	6E-05	6E-05	5E-05	1E-05
LPG O-18:1	0.00023	0.00019	0.00032	5E-05	6E-05	9E-05	5E-05	6E-05	4E-05	0.00029	0.00048	0.0001
LPG O-18:3	6E-05	0.00017	7E-05	0	0.00018	0.00021	0.00028	0.00032	0.00028	0.00055	0.0005	0.00014
LPG O-19:2	1E-05	2E-05	2E-05	0	0	0	0	0	0	3E-05	4E-05	1E-05
LPG O-20:2	0.00019	0.00019	0.0002	6E-05	5E-05	9E-05	9E-05	9E-05	5E-05	0.00031	0.00041	7E-05
LPI 18:2	3E-05	5E-05	4E-05	0	0	0	0	0	0	0.00016	0.00022	7E-05
LPS 16:0	9E-05	8E-05	6E-05	0	0	0	0	0	0	0.00018	0.00046	8E-05
MIPC 20:0;3O_14:0;(2OH)	4E-05	5E-05	5E-05	3E-05	4E-05	4E-05	7E-05	3E-05	5E-05	5E-05	4E-05	5E-05
MIPC 21:0;3O_19:0;(2OH)	0.00076	0.0009	0.00094	0.00018	0.00036	0.0003	0.00039	0.00046	0.00076	0.00038	0.00051	0.00044
MIPC 21:0;3O_21:1;(2OH)	0.0001	0.00021	0.00013	0.0001	0.00033	0.00032	0.00109	0.00107	0.00129	0.00097	0.00115	0.00066
MMPE 16:0_18:2	0.0001	0.00012	0.0001	0	0	0	0	0	0	0.00011	0.00017	9E-05
MMPE 16:0_19:0	0	0	0	1E-05	2E-05	0	6E-05	0.00014	0.00013	3E-05	3E-05	2E-05
MMPE 18:1_18:2	0.00013	0.00014	0.00014	1E-05	6E-05	8E-05	5E-05	6E-05	6E-05	0.00021	0.00029	0.00013
MMPE 18:2_18:2	0.00045	0.00049	0.00044	0.00026	0.00053	0.00042	0	0	0	0.00025	0.00037	0.00017
PA 13:1_20:1	0	0	0	0	0	0	7E-05	0	4E-05	0	0	0
PA 14:0_18:1	0.00015	0.00012	0.0001	5E-05	8E-05	8E-05	1E-05	1E-05	2E-05	0	4E-05	2E-05
PA 14:0_18:2	0.00023	0.00017	0.00014	0.0001	0.00011	0.0001	0	0	0	5E-05	8E-05	2E-05
PA 15:0_18:1	0.00018	0.00015	0.00013	6E-05	0.00016	0.00015	2E-05	3E-05	3E-05	4E-05	0.00011	4E-05
PA 15:0_18:2	0.001	0.00086	0.00065	0.00065	0.00074	0.00064	0.00018	0.00023	0.00031	0.00065	0.00047	0.00041
PA 15:0_18:3	0	0	0	0	0	0	0	1E-05	0	0.0002	0.00019	0.00012
PA 16:0_18:1	0.00432	0.00358	0.00282	0.00133	0.00187	0.00178	0.00053	0.00098	0.00107	0.00137	0.00286	0.00091
PA 16:0_18:2	0.01602	0.01335	0.00998	0.00634	0.0076	0.00696	0.00154	0.00261	0.00268	0.00939	0.00641	0.0061
PA 16:0_19:1	0.00052	0.00044	0.00032	0.00023	0.00022	0.00032	0.00022	0.00015	0.00036	0.00019	0.00038	0.00014
PA 16:0_19:2	0	0	0	0	0	0	0.00036	0.00064	0.0005	2E-05	4E-05	0
PA 16:1_18:2	0.00078	0.00064	0.00046	0.00084	0.00082	0.00077	0	6E-05	1E-05	0.0002	0.00037	0.00015
PA 16:2_18:2	0.00014	0.00012	9E-05	0.00017	0.00016	0.00014	0	0	0	1E-05	0	0
PA 17:1_18:2	9E-05	0.00014	0.0001	0.00011	0.0002	0.0002	0.00013	0.00024	0.00023	3E-05	6E-05	1E-05
PA 17:2_18:2	9E-05	2E-05	2E-05	2E-05	0.00011	2E-05	0.00022	0.00026	0.00023	4E-05	3E-05	1E-05
PA 18:0_18:2	0.0003	0.00033	0.00025	0.00022	0.00025	0.00029	1E-05	8E-05	7E-05	0.00037	0.00068	0.00024
PA 18:0_25:0	0	0	0	0	0	0	1E-05	1E-05	4E-05	2E-05	4E-05	1E-05
PA 18:1_18:1	0.0007	0.00055	0.00045	0.00031	0.001	0.00087	7E-05	8E-05	0.0001	0.00021	0.00032	0.00014
PA 18:1_18:2	0.00366	0.00562	0.0033	0.004	0.00223	0.00443	0.00074	0.00052	0.00033	0.00454	0.00251	0.00166
PA 18:1_19:1	0.0004	0.00032	0.00023	0.00048	0.00047	0.00046	7E-05	0.00013	0.00016	4E-05	0.00019	6E-05
PA 18:1_24:1	0.00109	0.00105	0.00077	0.00091	0.00117	0.00101	0.00017	8E-05	0.00014	0.00168	0.00242	0.00108
PA 18:2_18:2	0.03193	0.02807	0.01247	0.01398	0.02787	0.01663	0.00285	0.00428	0.0071	0.0171	0.01002	0.01005
PA 18:2_18:3	0.00046	0.00037	0.00029	0.00041	0.00048	0.00047	0	0	0	6E-05	0.00018	6E-05
PA 18:2_19:2	0.00071	0.00035	0.00044	0.0006	0.00116	0.00041	0.0004	0.00056	0.0004	0	0.0001	3E-05
PA 18:2_21:2	0.00116	0.00099	0.00048	0.00085	0.00085	0.00066	0	1E-05	0	0.00037	0.00029	0.00021
PA 18:3_22:5	0.00013	3E-05	6E-05	0.00022	0.00025	0.00019	0.00024	0.00025	0.00019	4E-05	1E-05	3E-05
PA 19:1_18:2	0.00318	0.0026	0.0023	0.0021	0.00267	0.00347	0.00042	0.00086	0.00082	0.00063	0.00171	0.00036
PA 19:1_18:3	1E-05	0	0	1E-05	1E-05	2E-05	7E-05	9E-05	9E-05	1E-05	3E-05	1E-05
PA 19:1_19:2	3E-05	1E-05	3E-05	3E-05	7E-05	5E-05	0.00026	0.00018	0.00018	5E-05	8E-05	4E-05
PA 19:1_22:5	7E-05	2E-05	2E-05	1E-05	6E-05	6E-05	4E-05	2E-05	7E-05	3E-05	2E-05	2E-05
PA 19:2_19:2	0.00151	0.00114	0.00091	0.0005	0.00176	0.00151	0.0005	0.00038	0.00047	0.00078	0.00161	0.00044
PA 19:2_22:5	1E-05	1E-05	0	2E-05	0	6E-05	4E-05	2E-05	7E-05	2E-05	3E-05	1E-05
PA 21:4_21:5	9E-05	2E-05	6E-05	6E-05	6E-05	4E-05	0.00023	9E-05	0.00018	9E-05	0.00013	5E-05
PA 24:0_18:2	0.00013	5E-05	7E-05	8E-05	0.00011	0.0001	2E-05	1E-05	2E-05	6E-05	4E-05	3E-05
PA 24:1_18:2	0.00028	0.00026	0.00021	0.0004	0.00048	0.00059	0.00011	1E-05	6E-05	0.00024	0.00037	0.00016
PA 25:1_18:2	3E-05	8E-05	6E-05	0.0001	4E-05	0.00014	6E-05	5E-05	9E-05	1E-05	6E-05	0
PA 26:1_18:2	0.00017	0.00015	0.00016	0.00013	0.00013	0.00013	4E-05	0.00019	0.00016	0.00017	0.00018	0.0001
PA 9:0_17:1	0	0	0	0	0	0	1E-05	0	2E-05	3E-05	0.00011	1E-05
PA 9:0_21:1	0	0	0	1E-05	0	0	0.00028	0.00017	0.00021	0.00011	0.00014	5E-05
PC 14:0_18:1	0.00013	9E-05	9E-05	0.00022	0.00025	0.00023	0	0	0	6E-05	0.00013	3E-05
PC 14:0_18:2	0.00091	0.00103	0.00187	0.0002	0.00079	0.00293	0.00013	0.0002	0.00013	0.00146	0.00018	0.0006
PC 16:0_18:1	0.00268	0.00314	0.00274	0.00288	0.00317	0.00308	0.00053	0.00042	0.00042	0.00156	0.00316	0.00116
PC 16:0_18:2	0.00936	0.0106	0.00934	0.00775	0.00821	0.00736	0.00049	0.00171	0.00182	0.00809	0.01294	0.00528
PC 16:0_18:2;O	0.00045	0.00039	0.00045	0.00026	0.0003	0.00021	0.0002	1E-05	0.00026	0.00021	0.00016	0.00014
PC 17:1_18:2	0.00035	0.00043	0.00039	0.0004	0.00035	0.00042	0	0	0	0.00024	0.00047	0.00014
PC 17:2_18:2	0.00025	0.00029	0.00026	0.00025	0.00035	0.00029	0	0	1E-05	0.00017	0.00013	0.00011
PC 18:0_18:1	0.00119	0.00133	0.0012	0.00113	0.00124	0.0012	0.0001	7E-05	0.00011	0.00069	0.00093	0.00041
PC 18:0_18:2	0.00371	0.00419	0.00377	0.00279	0.00326	0.00304	0.00037	0.00034	0.00035	0.00437	0.00742	0.00294
PC 18:1_14:1;O	9E-05	0.00014	0.00013	0.0001	0.00022	0.00023	1E-05	4E-05	2E-05	3E-05	0.00019	4E-05
PC 18:1_18:1	0.00207	0.00224	0.00199	0.00179	0.00315	0.00306	2E-05	0.00011	7E-05	0.00082	0.00138	0.00054
PC 18:1_18:2	0.01582	0.01848	0.016	0.00755	0.01274	0.01705	0.00076	0.00077	0.00084	0.01026	0.01537	0.00672
PC 18:1_20:1	0.00021	0.00024	0.00018	0.00027	0.00027	0.00027	2E-05	8E-05	0	7E-05	2E-05	1E-05
PC 18:1_26:1	0.00013	9E-05	0.00017	0.00023	0.00051	0.00036	2E-05	3E-05	3E-05	0.00019	0.00024	0.00012
PC 18:2_14:1;O	0.00032	0.00031	0.00033	0.00016	0.00044	0.00046	0.0001	0.00017	0.00015	0.00047	0.0008	0.00029
PC 18:2_16:1;O	0.00027	0.0003	0.00025	0.00017	0.00026	0.00023	1E-05	0	1E-05	0.00037	0.00115	0.00035
PC 18:2_17:1;2O	1E-05	1E-05	1E-05	2E-05	2E-05	2E-05	0	0	0	0.00011	0.00014	6E-05
PC 18:2_17:2;2O	0.0001	0.00014	6E-05	8E-05	0.00016	0.00012	0	0	0	0.00012	0.00013	7E-05
PC 18:2_18:1;O	0.00083	0.00091	0.00061	0.00101	0.00167	0.00095	2E-05	3E-05	5E-05	0.00015	0.00015	8E-05
PC 18:2_18:2	0.0136	0.01253	0.01662	0.01674	0.01757	0.02325	0.00652	0.00553	0.00651	0.01485	0.02386	0.00783
PC 18:2_18:2;2O	0.00041	0.00062	0.00041	0.00041	0.00023	0.0005	0.00051	1E-05	1E-05	7E-05	5E-05	1E-05
PC 18:2_18:2;O	0.01152	0.01252	0.0108	0.00711	0.00686	0.00642	0.00046	0.00126	0.00144	0.00283	0.00506	0.00173
PC 18:2_18:3	0.00184	0.00105	0.00214	0.0019	0.00166	0.00104	6E-05	7E-05	1E-05	0.00087	0.00102	0.0006
PC 18:2_20:3;O	0.00031	0.00046	0.00029	0.00023	0.0004	0.00041	2E-05	1E-05	4E-05	0.00018	0.00035	0.00011
PC 20:1_18:2	0.0017	0.00204	0.0018	0.00114	0.00136	0.00125	8E-05	6E-05	6E-05	0.00066	0.00117	0.00045
PC 22:0_18:1	2E-05	1E-05	1E-05	2E-05	3E-05	2E-05	3E-05	2E-05	2E-05	1E-05	2E-05	1E-05
PC 22:0_18:2	0.00042	0.00049	0.00043	0.00029	0.00035	0.0002	0	7E-05	1E-05	0.00046	0.00046	0.00016
PC 23:0_18:2	0.0002	0.00024	0.00017	0.0001	0.00021	0.00015	0	0	0	9E-05	0.00019	0.0001
PC 24:0_18:1	0.0007	0.00077	0.00075	0.00051	0.00057	0.00055	3E-05	1E-05	3E-05	0.00031	0.00037	0.00022
PC 24:0_18:2	0.00163	0.00187	0.00175	0.00083	0.00139	0.00155	0.0001	0.00012	5E-05	0.00139	0.0014	0.00093
PC 24:1_18:2	0.00197	0.00208	0.00202	0.00239	0.00238	0.00245	0.00031	0.00024	0.00026	0.00276	0.00366	0.00184
PC 25:0_18:1	7E-05	7E-05	7E-05	3E-05	3E-05	8E-05	0	0	0	1E-05	0	0
PC 25:0_18:2	0.00018	0.00029	0.00028	0.0003	0.00029	0.00013	0	0	0	0	0	0
PC O-16:0_18:2	0	0	0	0	0	0	2E-05	1E-05	1E-05	4E-05	0.00013	1E-05
PC O-17:1_24:0	0.00012	0.00013	0.00011	5E-05	4E-05	8E-05	1E-05	0	0	2E-05	1E-05	4E-05
PC O-17:2_18:2	0.00025	9E-05	0.00023	0.00013	0.00027	0.00037	0.00084	0.00109	0.00033	0.00015	0.00024	0.00014
PC O-18:0_18:1	6E-05	7E-05	7E-05	6E-05	4E-05	6E-05	0	2E-05	0	4E-05	3E-05	2E-05
PC O-19:2_18:1	0	0	0	0.00107	0.00064	0	2E-05	1E-05	0	0	0	0
PC O-21:0_18:1	1E-05	0.00016	0.00013	0.0001	9E-05	7E-05	0	2E-05	0	7E-05	2E-05	1E-05
PC O-21:1_19:1	1E-05	3E-05	3E-05	1E-05	5E-05	4E-05	1E-05	1E-05	1E-05	0	1E-05	1E-05
PC O-21:2_18:2	0	0	0	0.00018	0	0	0	0	0	0	0	0
PC O-23:1_18:2	0.0006	0.00064	0.00061	0.0003	0.00053	0.00052	7E-05	9E-05	3E-05	0.00048	0.00034	0.00032
PC O-24:1_18:2	0.00013	0.00023	0.00022	0.0002	0.00042	0.00033	4E-05	4E-05	3E-05	0.00032	0.00032	0.00016
PC O-25:0_18:2	0	0	0	8E-05	0	0	1E-05	1E-05	1E-05	0	1E-05	1E-05
PC O-25:1_18:1	0	0	0	1E-05	0	4E-05	0	0	0	0.0001	0.00016	8E-05
PC O-26:1_18:2	0.00031	0.0003	0.00029	0.00045	0.00052	0.00052	0	0	0	0.00037	0.00039	0.00023
PC O-27:1_18:2	2E-05	3E-05	3E-05	9E-05	1E-05	1E-05	1E-05	8E-05	7E-05	1E-05	1E-05	2E-05
PE 10:0_17:1;2O	2E-05	3E-05	3E-05	0	0	0	2E-05	1E-05	1E-05	0.00011	9E-05	3E-05
PE 14:0_18:2	7E-05	5E-05	7E-05	5E-05	5E-05	5E-05	0	0	1E-05	3E-05	1E-05	1E-05
PE 15:0_18:1	0.00015	0.00018	0.00016	0.00012	0.00018	0.00016	1E-05	1E-05	1E-05	5E-05	8E-05	3E-05
PE 15:0_18:2	0.00068	0.00082	0.00071	0.00068	0.00079	0.00074	7E-05	9E-05	0.0001	0.00053	0.001	0.00027
PE 16:0_17:2;O	0	0	0	0	0	0	1E-05	1E-05	1E-05	0.00016	0.0002	8E-05
PE 16:0_18:2	0.00675	0.00807	0.00698	0.00287	0.00297	0.00471	0.00047	0.00073	0.00085	0.00466	0.00711	0.00237
PE 16:0_18:2;2O	1E-05	2E-05	4E-05	3E-05	4E-05	3E-05	1E-05	1E-05	2E-05	0	0	0
PE 16:0_18:2;O	0.00021	0.00025	0.00022	0.00016	0.00016	0.00015	0	1E-05	1E-05	7E-05	9E-05	3E-05
PE 18:0_18:0;3O	0	2E-05	0	0	0	0	0	0	0	4E-05	0.0001	3E-05
PE 18:0_18:1;O	0	0	0	0	0	0	0	0	0	4E-05	6E-05	1E-05
PE 18:1_16:1;O	3E-05	4E-05	4E-05	2E-05	2E-05	2E-05	0	0	0	0	3E-05	0
PE 18:1_17:1;O	0.0001	0.00015	0.00012	3E-05	6E-05	4E-05	4E-05	8E-05	8E-05	8E-05	0.00014	4E-05
PE 18:1_18:1	0.00052	0.00063	0.00055	0.00059	0.0006	0.00055	2E-05	2E-05	1E-05	0.00018	0.00039	0.00011
PE 18:1_18:2	0.00357	0.0049	0.00434	0.0031	0.00413	0.00377	5E-05	7E-05	9E-05	0.00206	0.00357	0.00108
PE 18:1_18:2;2O	9E-05	5E-05	6E-05	4E-05	6E-05	0	0	0	1E-05	6E-05	0.00022	7E-05
PE 18:1_18:2;O	0.00022	0.0001	9E-05	4E-05	0.00019	0.00015	2E-05	1E-05	2E-05	4E-05	8E-05	2E-05
PE 18:1_20:3;O	2E-05	5E-05	5E-05	4E-05	7E-05	6E-05	0	0	0	0	0	0
PE 18:2_15:1;O	6E-05	0.00011	7E-05	0	1E-05	1E-05	1E-05	1E-05	0	0.00069	0.00114	0.00034
PE 18:2_16:1;O	0.0001	0.00012	9E-05	5E-05	8E-05	8E-05	1E-05	0	1E-05	9E-05	0.00014	4E-05
PE 18:2_17:2;2O	0	1E-05	1E-05	0	0	0	0	0	0	1E-05	3E-05	1E-05
PE 18:2_18:0;3O	2E-05	1E-05	1E-05	1E-05	0	0	1E-05	0	0	5E-05	3E-05	1E-05
PE 18:2_18:1;O	0.00168	0.00197	0.00169	0.00033	0.00058	0.0006	1E-05	0	1E-05	0.00067	0.001	0.0003
PE 18:2_18:2	0.01244	0.01474	0.01255	0.00407	0.01104	0.01013	0.00045	0.00068	0.00088	0.00867	0.01177	0.00426
PE 18:2_18:2;O	0.00183	0.0021	0.00181	0.00159	0.00169	0.00148	0	5E-05	7E-05	0.00035	0.00059	0.0002
PE 18:2_18:3;O	0.00011	0.00013	0.00011	0.00017	0.00016	0.00015	0	0	0	2E-05	5E-05	0
PE 18:2_20:3;2O	0.00015	0.00014	0.00015	9E-05	0.0001	0.00016	0	0	0	0.00016	0.00015	8E-05
PE 18:2_20:3;O	0.00091	0.00123	0.00097	0.00096	0.00051	0.001	5E-05	1E-05	4E-05	0.00027	0.00059	0.00016
PE 18:2_20:4;2O	0.00057	0.00068	0.00025	0.00027	0.00034	0.00033	0	0.00018	1E-05	0.00011	0.00031	0.00024
PE 18:2_20:4;3O	0.00015	9E-05	0.00014	2E-05	3E-05	3E-05	0	0	0	0.00034	0.00053	0.00014
PE 18:2_20:5;2O	0	0	0	0	0	0	0	2E-05	1E-05	2E-05	6E-05	1E-05
PE 18:2_22:4;3O	0	1E-05	1E-05	1E-05	0	0	0	0	0	7E-05	9E-05	3E-05
PE 18:2_22:4;O	4E-05	7E-05	5E-05	4E-05	4E-05	6E-05	0	0	0	0	0	0
PE 18:2_22:5;3O	0.00051	0.00064	0.00047	0.00024	0.00111	0.00091	0	0.00017	0.00019	0.00031	0.00039	0.00014
PE 18:2_26:6	0.00013	0.00013	0.00013	5E-05	9E-05	8E-05	0	0	0	0.00029	0.00032	0.0001
PE 18:3_18:0;3O	0	2E-05	0	0	0	0	1E-05	1E-05	1E-05	0	3E-05	0
PE 18:3_20:3;O	7E-05	6E-05	5E-05	7E-05	7E-05	8E-05	5E-05	0	1E-05	0.00013	0.00016	5E-05
PE 19:1_18:2	7E-05	9E-05	8E-05	1E-05	3E-05	3E-05	0	0	0	1E-05	4E-05	0
PE 22:5_26:6	1E-05	4E-05	0	0	2E-05	0	0	0	0	2E-05	3E-05	1E-05
PE O-16:0_18:1	0	0	0	2E-05	0	0	0	0	0	3E-05	3E-05	1E-05
PE O-17:0_18:1	0.00205	0.00244	0.00214	0.00125	0.00145	0.00134	5E-05	0.00021	0.00024	0.00081	0.00129	0.00039
PE O-17:1_18:2	0.00048	0.00072	0.0005	0.00037	0.00063	0.00058	0	2E-05	0	0.00036	0.0007	0.00018
PE O-18:3_18:2	0.00021	0.00023	0.00021	9E-05	0.0001	9E-05	1E-05	1E-05	0	3E-05	2E-05	2E-05
PE O-19:0_18:2	0.00101	0.00131	0.00126	0.00071	0.00077	0.0007	7E-05	0.00013	0.00013	0.00154	0.00224	0.00069
PE O-19:1_18:2	9E-05	0.0001	5E-05	3E-05	7E-05	6E-05	0.00023	0.00038	0	0.00163	0.00219	0.00076
PE O-19:2_18:2	0.00018	0.00021	0.00017	2E-05	2E-05	2E-05	0	0	0	0.00146	0.00374	0.00075
PE O-19:3_18:2	0.0002	0.00023	0.0002	0.00019	0.00022	0.00018	0	0	0	8E-05	7E-05	3E-05
PE O-21:2_18:2	0.00012	0.00015	0.00014	0	1E-05	9E-05	0	0	0	8E-05	0	0
PE O-21:5_18:2	0.00019	0.0002	0.00018	0.00013	0.00013	0.00012	0	0	0	7E-05	9E-05	3E-05
PE O-22:3_15:0	0.00079	0.00099	0.00078	0.00064	0.00084	0.00073	0.00058	0.00057	0.00066	0.00177	0.0017	0.00078
PE O-24:4_16:0	0	0	0	1E-05	0	0	0.00015	0.00017	3E-05	0	0	0
PE O-25:1_18:2	0.00012	0.00013	0.00013	5E-05	0.00011	0.00011	7E-05	8E-05	1E-05	0.0001	3E-05	5E-05
PE O-27:0_18:2	0	3E-05	1E-05	0	0	0	1E-05	0	0	0.0004	0.00068	0.00016
PEtOH 10:0_18:3	0	0	0	0	0	0	1E-05	0	1E-05	4E-05	0.00016	2E-05
PEtOH 11:0_17:2	1E-05	0	0	0	0	0	5E-05	4E-05	5E-05	7E-05	7E-05	2E-05
PEtOH 14:0_18:2	3E-05	3E-05	3E-05	0	0	0	0	0	0	0.0002	0.00018	8E-05
PEtOH 14:1_19:2	0	1E-05	0	1E-05	1E-05	1E-05	0	0	1E-05	2E-05	4E-05	1E-05
PEtOH 15:0_18:2	1E-05	1E-05	1E-05	1E-05	1E-05	1E-05	1E-05	1E-05	0	0.00019	0.00086	7E-05
PEtOH 15:0_18:3	0	0	1E-05	0	4E-05	2E-05	4E-05	0.00019	4E-05	0	6E-05	0
PEtOH 15:0_19:1	0	1E-05	0	0	1E-05	0	1E-05	0	0.0002	1E-05	0	0
PEtOH 15:0_26:1	0	0	0	0	1E-05	0	0	0	0	2E-05	2E-05	1E-05
PEtOH 15:0_27:0	1E-05	1E-05	1E-05	1E-05	1E-05	1E-05	0	0	0	5E-05	9E-05	3E-05
PEtOH 15:1_18:3	3E-05	0	6E-05	3E-05	5E-05	5E-05	2E-05	2E-05	1E-05	6E-05	6E-05	1E-05
PEtOH 16:0_16:0	4E-05	3E-05	2E-05	0	0	0	2E-05	3E-05	5E-05	0.00047	0.00033	0.00019
PEtOH 16:0_18:2	1E-05	2E-05	1E-05	0	1E-05	0	0	1E-05	1E-05	0.00029	0.00108	0.00016
PEtOH 16:0_22:2	0	0	0	0	0	0	1E-05	2E-05	1E-05	3E-05	1E-05	0
PEtOH 16:0_24:1	0	0	0	1E-05	0	0	5E-05	6E-05	7E-05	8E-05	0.0003	3E-05
PEtOH 16:1_18:2	2E-05	3E-05	3E-05	1E-05	0	1E-05	0	0	0	0.00075	0.00309	0.00051
PEtOH 17:1_18:2	4E-05	3E-05	9E-05	3E-05	1E-05	6E-05	1E-05	6E-05	7E-05	0.00024	0.00068	0.00013
PEtOH 18:0_18:1	2E-05	3E-05	3E-05	2E-05	3E-05	3E-05	5E-05	7E-05	8E-05	0.0001	0.0001	4E-05
PEtOH 18:1_18:1	0.00041	0.0005	0.00034	9E-05	0.00011	8E-05	4E-05	0.00013	0.00027	0.0014	0.00092	0.00065
PEtOH 18:1_18:2	0.00085	0.00034	0.00089	0.0001	0.00022	0.00025	0.0001	8E-05	3E-05	0.00038	0.00065	0.00016
PEtOH 18:1_22:5	1E-05	2E-05	1E-05	0	1E-05	1E-05	0	0	0	1E-05	2E-05	0
PEtOH 18:2_18:2	0.00114	0.00133	0.00111	0.00024	0.00079	0.00072	0.00017	0.00023	0.00025	0.003	0.00387	0.00147
PEtOH 18:2_19:2	0.00012	0.00019	0.00016	0.00015	0.00028	0.00018	7E-05	0.00025	0.00019	5E-05	0.00019	4E-05
PEtOH 18:2_21:2	0	0	0	0	0	0	0	0	0	2E-05	0.00015	2E-05
PEtOH 18:2_28:5	0	0	0	0	0	0	0	0	0	3E-05	0.0001	0
PEtOH 19:0_18:2	2E-05	1E-05	2E-05	1E-05	1E-05	2E-05	1E-05	1E-05	1E-05	7E-05	0	0
PEtOH 19:0_18:3	0	0	0	0	0	0	1E-05	1E-05	1E-05	6E-05	5E-05	1E-05
PEtOH 19:0_19:2	4E-05	5E-05	5E-05	3E-05	3E-05	3E-05	5E-05	1E-05	6E-05	0.00013	1E-05	5E-05
PEtOH 19:0_21:2	1E-05	3E-05	3E-05	4E-05	5E-05	5E-05	0	0	1E-05	0.00012	0.00017	6E-05
PEtOH 19:0_21:3	3E-05	2E-05	4E-05	3E-05	3E-05	5E-05	0	0	0	0.00019	0.0005	8E-05
PEtOH 19:0_24:0	2E-05	3E-05	2E-05	0	0	0	0	0	1E-05	0.00018	0.00023	9E-05
PEtOH 19:1_18:2	8E-05	0.0001	7E-05	0.00021	0.00017	0.00023	0.00012	0.00029	0.00031	0.00051	0.00073	0.00023
PEtOH 19:1_19:1	1E-05	1E-05	1E-05	0	0	0	5E-05	1E-05	1E-05	0.00011	0.00031	5E-05
PEtOH 19:1_19:2	2E-05	2E-05	3E-05	2E-05	2E-05	2E-05	5E-05	4E-05	5E-05	6E-05	6E-05	3E-05
PEtOH 19:2_20:3	0	0	0	0	0	0	1E-05	1E-05	3E-05	0	1E-05	0
PEtOH 21:1_18:2	0	0	0	2E-05	1E-05	3E-05	4E-05	0.00011	0.00016	5E-05	0.0001	3E-05
PEtOH 24:0_18:1	0	0	0	0	0	0	0	0	0	0	2E-05	0
PEtOH 25:0_27:0	0	0	0	0	0	0	0	0	0	1E-05	4E-05	1E-05
PG 11:0_15:1	1E-05	0	2E-05	0	1E-05	1E-05	0.0001	7E-05	3E-05	5E-05	1E-05	1E-05
PG 14:0_18:2	2E-05	2E-05	2E-05	1E-05	1E-05	1E-05	0	1E-05	2E-05	0	0	0
PG 15:0_18:1	8E-05	0.00013	0.0001	3E-05	4E-05	7E-05	0	0	0	4E-05	3E-05	1E-05
PG 15:0_19:0	1E-05	1E-05	0	1E-05	1E-05	1E-05	0.00012	0.0001	2E-05	0.00012	4E-05	4E-05
PG 15:1_18:2;3O	0	0	0	0	0	0	2E-05	1E-05	3E-05	2E-05	8E-05	0
PG 16:0_16:0	5E-05	5E-05	5E-05	1E-05	0	0.00014	5E-05	8E-05	5E-05	0.0003	0.00071	9E-05
PG 16:0_18:1	0.0005	0.00075	0.00069	0.00015	0.00026	0.00035	0.0001	8E-05	6E-05	0.00031	0.00073	0.00014
PG 16:0_18:2	0.00055	0.00107	0.00098	0.0004	0.00039	0.0006	0.00012	0.00014	0.00015	0.00059	0.00109	0.00028
PG 16:0_26:7	0	0	0	0	0	0	2E-05	6E-05	4E-05	0	0	0
PG 16:1_18:2	0.00032	0.00053	0.00036	0.00036	0.00029	0.00037	0.00012	9E-05	0.00012	0.00025	0.00079	9E-05
PG 17:0_19:1	1E-05	0	1E-05	1E-05	0	0	0	1E-05	1E-05	2E-05	2E-05	1E-05
PG 18:1_18:1	0	0	0	1E-05	1E-05	1E-05	2E-05	2E-05	2E-05	4E-05	7E-05	1E-05
PG 18:1_18:2	0	0	0	0	0	0	1E-05	1E-05	0	2E-05	4E-05	0
PG 18:2_18:2	0.00101	0.0014	0.00095	0.00054	0.00053	0.00074	0	2E-05	1E-05	0.00052	0.00126	0.00022
PG 18:2_22:6	1E-05	3E-05	2E-05	5E-05	5E-05	1E-05	0	0	1E-05	7E-05	0.00013	3E-05
PG 19:0_18:3	1E-05	0.00013	0.0001	6E-05	2E-05	0.00013	3E-05	6E-05	6E-05	0.00145	0.00144	0.00054
PG 19:1_28:7	9E-05	0.00015	0.00011	3E-05	4E-05	7E-05	5E-05	8E-05	9E-05	0.00023	0.00066	0.00011
PG 25:0_20:1	1E-05	0	0	0	1E-05	0	1E-05	1E-05	1E-05	2E-05	2E-05	0
PG 25:0_25:0	1E-05	1E-05	0	0	0	0	0	0	0	0.00026	0.00061	0.00013
PG O-15:1_17:4	2E-05	2E-05	2E-05	1E-05	2E-05	2E-05	6E-05	3E-05	2E-05	4E-05	7E-05	1E-05
PG O-15:1_18:2	1E-05	2E-05	1E-05	1E-05	1E-05	0	0	0	0	5E-05	0.00022	2E-05
PG O-16:1_19:4	2E-05	2E-05	1E-05	0	1E-05	1E-05	3E-05	3E-05	2E-05	2E-05	3E-05	1E-05
PG O-16:3_22:6	7E-05	3E-05	6E-05	1E-05	0	0	8E-05	5E-05	5E-05	0.00014	4E-05	4E-05
PG O-18:1_18:0	0	0	0	0	0	0	0	0	0	2E-05	1E-05	0
PG O-18:2_16:0	0	1E-05	0	0	0	0	0	2E-05	1E-05	0	2E-05	0
PG O-18:2_18:1	5E-05	0.00014	9E-05	0.0001	3E-05	4E-05	5E-05	3E-05	3E-05	0.00022	0.00057	8E-05
PG O-18:3_16:0	0.00022	0.00031	0.0003	7E-05	0.0001	0.00016	3E-05	2E-05	3E-05	0.00084	0.00174	0.00035
PG O-18:3_18:2	0.00033	0.0005	0.00043	0.00024	0.00027	0.00033	9E-05	0.00013	0.00012	0.00066	0.00125	0.00023
PG O-18:4_19:2	1E-05	0	1E-05	1E-05	1E-05	2E-05	2E-05	1E-05	4E-05	2E-05	1E-05	1E-05
PG O-19:2_15:0	3E-05	4E-05	4E-05	3E-05	1E-05	3E-05	1E-05	3E-05	3E-05	3E-05	0.0001	2E-05
PG O-19:2_18:2	0	0	0	0	0	0	0	0	0	0	0.00014	0
PG O-19:3_19:3	1E-05	0	1E-05	1E-05	0	1E-05	5E-05	5E-05	2E-05	2E-05	1E-05	1E-05
PG O-19:4_16:0	2E-05	2E-05	2E-05	4E-05	4E-05	5E-05	3E-05	9E-05	4E-05	0	0.00013	1E-05
PG O-25:1_25:0	0	2E-05	0	0	0	0	0	0	0	0.00017	0.0002	5E-05
PI 15:0_18:1	8E-05	0.00016	0.00013	6E-05	5E-05	4E-05	0	0	0	1E-05	6E-05	3E-05
PI 16:0_18:2;O	0.00013	0.00025	0.00021	8E-05	0.00012	0.0001	0	0	0	0.00012	0.00019	3E-05
PI 18:1_15:1;O	0.00039	0.00074	0.00071	0.00049	0.00086	0.00073	5E-05	7E-05	0.00016	0.00073	0.0004	0.00038
PI 18:1_18:2	0.00038	0.00073	0.00062	0.00034	0.00047	0.00027	0	0	0	0.00035	0.00018	0.00017
PI 18:2_16:1;O	7E-05	0.00018	0.00018	3E-05	4E-05	3E-05	0	0	0	8E-05	0.00012	4E-05
PI 18:2_18:2	0.0028	0.00522	0.00441	0.00148	0.00264	0.00201	0	0	0	0.00335	0.00285	0.00164
PI 18:2_18:2;O	8E-05	0.00015	8E-05	0.00013	0.00013	0.00013	0	0	0	2E-05	9E-05	2E-05
PI 19:1_18:2	5E-05	9E-05	0.0001	2E-05	3E-05	1E-05	0	0	0	4E-05	2E-05	1E-05
PI O-16:0_18:2	0.00041	0.00074	0.0009	0.00047	0.0006	0.00048	0	0	0	0.00049	0.00056	0.00026
PI O-17:0_18:2	0.00215	0.00409	0.00333	0.00245	0.00176	0.00173	0.00046	0.00037	0.00069	0.00467	0.00339	0.00219
PI O-19:0_18:2	7E-05	0.00014	0.00018	6E-05	6E-05	9E-05	0	0	0	0.00021	0.00023	0.00016
PI O-19:2_15:0	2E-05	8E-05	4E-05	2E-05	0	0	0	0	0	3E-05	0	1E-05
PI O-19:2_16:0	0	0	0	0	0	0	1E-05	5E-05	4E-05	0	0	0
PMeOH 10:0_22:1	1E-05	2E-05	1E-05	0	0	0	2E-05	3E-05	3E-05	0.00015	0.00014	6E-05
PMeOH 12:0_20:3	9E-05	0.00011	0.00011	3E-05	4E-05	5E-05	0.00011	0.00034	0.00024	0.00019	0.00077	0.00017
PMeOH 14:0_18:2	0	0	0	0	0	0	0	0	0	8E-05	0.0001	4E-05
PMeOH 16:0_19:0	0	0	0	0	0	0	0	0	0	8E-05	0.00011	3E-05
PMeOH 16:0_24:0	0	0	0	0	0	0	6E-05	6E-05	8E-05	1E-05	3E-05	1E-05
PMeOH 18:1_18:1	0	1E-05	1E-05	1E-05	2E-05	1E-05	2E-05	3E-05	4E-05	5E-05	5E-05	2E-05
PMeOH 19:1_18:2	0.00144	0.00171	0.00118	0.00042	0.00047	0.00038	0.00027	0.00072	0.00098	0.00115	0.0035	0.00052
PMeOH 19:1_22:5	2E-05	2E-05	1E-05	1E-05	0	0	2E-05	0	0	3E-05	5E-05	2E-05
PMeOH 20:1_20:2	0.0008	0.0009	0.00076	0.00116	0.00122	0.00118	0.00023	0.00026	0.0003	0.00119	0.00175	0.00053
PMeOH 24:0_24:0	0	0	0	0	0	0	2E-05	4E-05	1E-05	0	0	0
PMeOH 25:0_18:2	2E-05	3E-05	2E-05	0	1E-05	0	5E-05	0.00025	0.00037	3E-05	7E-05	1E-05
PMeOH 25:1_18:2	0	0	0	0	0	0	3E-05	2E-05	0	0	0	0
PMeOH 9:0_14:1	5E-05	2E-05	2E-05	2E-05	3E-05	3E-05	2E-05	2E-05	0	6E-05	6E-05	2E-05
PS 15:0_18:1	0.00229	0.00221	0.00215	0.0013	0.004	0.00205	0.00017	0.00012	7E-05	0.00047	0.00047	0.00016
PS 15:0_18:2	0.00396	0.00367	0.0029	0.00455	0.00677	0.00556	0.00014	0.00046	0.0004	0.00178	0.00281	0.00139
PS 16:0_18:1	0.00593	0.00589	0.00477	0.0028	0.00795	0.00726	0.00035	0.00071	0.00055	0.00192	0.0031	0.00132
PS 16:0_18:2	0.01413	0.01332	0.01011	0.01594	0.0202	0.01238	0.00234	0.00315	0.00397	0.00435	0.01231	0.00664
PS 16:0_18:2;O	0.00094	0.00081	0.00086	0.00085	0.00098	0.00059	0.00017	0.00031	0.00019	0.00026	0.00039	0.00018
PS 18:1_18:3;O	0.00017	0.0001	6E-05	0.00011	6E-05	2E-05	0	0	0	0	0.00012	0
PS 18:2_16:0;O	0.00026	0.00027	0.00017	0.00028	0.00042	0.00034	9E-05	0.00018	9E-05	1E-05	1E-05	1E-05
PS 18:2_18:2	0.01964	0.01798	0.01307	0.0094	0.02043	0.01603	0.00028	0.00058	0.00084	0.00741	0.01088	0.00583
PS 18:2_18:2;O	0.0015	0.00133	0.00107	0.00053	0.00109	0.00092	0	0.0001	0	5E-05	0.00043	0.0001
PS 18:2_18:3;O	0.00077	0.00093	0.00076	0.00082	0.00054	0.00071	1E-05	0	0	5E-05	5E-05	6E-05
PS 18:2_20:2	3E-05	4E-05	0.0001	2E-05	0.00014	0.0001	3E-05	0.00017	0.0001	7E-05	0.00022	2E-05
PS O-17:0_18:2	0.00217	0.00197	0.00182	0.00135	0.00173	0.00135	0.00019	0.00052	0.00043	0.00089	0.00171	0.00068
PS O-17:1_18:2	0.00082	0.00101	0.00057	0.00111	0.00138	0.00119	0	0	0	0.00013	0.00022	0.00013
PS O-19:1_18:1	0.05261	0.04886	0.01342	0.02331	0.02975	0.0353	0.02652	0.03131	0.02438	0.01455	0.01357	0.02473
SL 10:0;O_10:0	0.0009	0.00147	0.00161	0.00163	0.00076	0.00311	0.00237	0.00189	0.00233	0.00054	0.00012	0.0001
SM 15:2;2O_30:1	2E-05	2E-05	1E-05	0.00014	0.00013	0.00014	0.00032	0.00031	0.00031	2E-05	1E-05	1E-05
SM 16:2;2O_28:1	0	0	0	0	0	1E-05	0	1E-05	1E-05	8E-05	8E-05	7E-05
SM 18:2;2O_26:0	0	0	0	0	0	0	0	1E-05	0	4E-05	6E-05	6E-05
SM 19:2;2O_17:1	2E-05	2E-05	1E-05	2E-05	3E-05	2E-05	2E-05	2E-05	2E-05	0.00046	0.00043	0.00038
SM 31:2;2O(FA 16:1)	0	0	0	0.00031	0.00029	0.00029	0	0	0	0	0	0
SM 37:3;2O_12:0	1E-05	1E-05	2E-05	6E-05	3E-05	5E-05	0.00019	0.0002	9E-05	0	1E-05	2E-05
TG 11:0_11:0_11:0	4E-05	3E-05	3E-05	0	0	1E-05	0	0	0	6E-05	0.0001	4E-05
TG 12:0_18:2_18:2	0	0	0	1E-05	1E-05	2E-05	1E-05	0	0	0	0	0
TG 13:0_16:0_18:2	1E-05	1E-05	1E-05	6E-05	4E-05	6E-05	3E-05	2E-05	3E-05	0	2E-05	1E-05
TG 13:0_16:1_18:2	0	0	0	2E-05	2E-05	2E-05	0	0	0	0	0	0
TG 13:0_18:2_18:2	1E-05	0	1E-05	0.00014	0.00011	0.00015	1E-05	0	0	1E-05	3E-05	1E-05
TG 14:0_14:0_16:0	2E-05	1E-05	1E-05	1E-05	0	1E-05	1E-05	0	1E-05	1E-05	2E-05	1E-05
TG 14:0_15:0_15:1	2E-05	1E-05	1E-05	1E-05	0	1E-05	2E-05	1E-05	1E-05	1E-05	1E-05	0
TG 14:0_15:0_16:0	2E-05	1E-05	1E-05	0	0	1E-05	1E-05	0	0	1E-05	1E-05	1E-05
TG 14:0_15:0_18:1	3E-05	2E-05	2E-05	6E-05	5E-05	7E-05	8E-05	6E-05	7E-05	2E-05	3E-05	1E-05
TG 14:0_15:1_18:1	0	0	0	0	0	0	0	0	0	3E-05	4E-05	2E-05
TG 14:0_16:0_16:0	3E-05	1E-05	2E-05	1E-05	1E-05	1E-05	1E-05	0	0	1E-05	1E-05	1E-05
TG 14:0_16:0_17:0	2E-05	1E-05	1E-05	1E-05	1E-05	1E-05	0	0	0	1E-05	2E-05	1E-05
TG 14:0_16:0_17:1	0	0	0	0	0	0	0	0	0	4E-05	7E-05	4E-05
TG 14:0_16:0_18:1	3E-05	4E-05	3E-05	0.00015	0.00013	0.00018	0.00042	0.0003	0.00032	1E-05	3E-05	1E-05
TG 14:0_16:0_18:2	8E-05	4E-05	5E-05	0.00019	0.00015	0.00021	0.00029	0.0002	0.00022	3E-05	6E-05	3E-05
TG 14:0_16:1_16:1	3E-05	2E-05	2E-05	0	0	1E-05	2E-05	2E-05	2E-05	1E-05	2E-05	1E-05
TG 14:0_16:1_18:2	1E-05	0	0	5E-05	5E-05	6E-05	4E-05	3E-05	3E-05	1E-05	1E-05	0
TG 14:0_18:1_18:2	0.0001	6E-05	7E-05	0.00097	0.00077	0.00112	0.00171	0.00109	0.00123	0.00011	0.00018	8E-05
TG 14:1_18:1_18:2	0	0	0	3E-05	2E-05	3E-05	2E-05	1E-05	1E-05	0	0	0
TG 14:1_18:2_18:2	0	0	0	2E-05	2E-05	2E-05	0	0	0	0	0	0
TG 15:0_15:0_15:0	1E-05	1E-05	1E-05	0	0	0	0	0	0	0	0	0
TG 15:0_15:0_16:0	2E-05	1E-05	1E-05	0	0	0	0	0	0	2E-05	3E-05	1E-05
TG 15:0_15:0_16:1	5E-05	3E-05	3E-05	3E-05	3E-05	3E-05	4E-05	3E-05	3E-05	1E-05	2E-05	1E-05
TG 15:0_15:0_18:1	0	0	0	0	0	0	0	0	0	4E-05	6E-05	3E-05
TG 15:0_15:1_18:1	0	0	0	0	0	0	0	0	0	4E-05	6E-05	4E-05
TG 15:0_15:1_18:2	0	0	0	0	0	0	0	0	0	0.00015	0.00025	0.00014
TG 15:0_16:0_15:1	0	0	0	0	0	0	0	0	0	3E-05	4E-05	2E-05
TG 15:0_16:0_16:0	3E-05	1E-05	1E-05	2E-05	1E-05	1E-05	1E-05	1E-05	1E-05	1E-05	2E-05	1E-05
TG 15:0_16:0_18:0	1E-05	1E-05	1E-05	1E-05	1E-05	1E-05	1E-05	1E-05	1E-05	1E-05	1E-05	1E-05
TG 15:0_16:0_18:1	8E-05	4E-05	3E-05	0.00048	0.0004	0.00057	0.00258	0.00184	0.00203	7E-05	0.00012	5E-05
TG 15:0_16:0_18:2	8E-05	4E-05	4E-05	0.00055	0.00046	0.00065	0.00131	0.0009	0.00097	0.0001	0.00015	6E-05
TG 15:0_16:1_18:2	1E-05	1E-05	1E-05	0.00026	0.00019	0.00027	0.00019	0.00012	0.00013	2E-05	4E-05	2E-05
TG 15:0_18:0_18:1	2E-05	1E-05	1E-05	0.00014	0.00011	0.00016	0.00074	0.00049	0.00053	1E-05	4E-05	1E-05
TG 15:0_18:1_18:1	8E-05	4E-05	5E-05	0.00099	0.00084	0.00119	0.00392	0.00272	0.00302	0.00015	0.00023	0.0001
TG 15:0_18:1_18:2	0.00015	8E-05	9E-05	0.00192	0.00162	0.00228	0.00322	0.00204	0.00223	0.00035	0.00051	0.00021
TG 15:0_18:1_24:1	2E-05	2E-05	1E-05	0	0.00022	0.00031	0	0	0	0	0	0
TG 15:0_18:1_38:6	4E-05	2E-05	2E-05	0.00023	0.00021	0.00032	0.00037	0.00018	0.0003	3E-05	5E-05	2E-05
TG 15:0_18:2_18:2	0.00015	8E-05	9E-05	0.0017	0.0013	0.00176	0.00181	0.00104	0.00117	0.00023	0.00037	0.00016
TG 15:0_26:1_18:2	0	1E-05	0	0	6E-05	8E-05	3E-05	1E-05	2E-05	0	0	0
TG 15:1_18:2_18:2	3E-05	1E-05	1E-05	0.0002	0.00017	0.00023	5E-05	3E-05	3E-05	1E-05	2E-05	1E-05
TG 16:0_15:1_18:1	3E-05	2E-05	2E-05	0	0	1E-05	2E-05	1E-05	2E-05	0.00074	0.00119	0.00061
TG 16:0_15:1_18:2	2E-05	1E-05	1E-05	4E-05	4E-05	5E-05	1E-05	1E-05	1E-05	0	0	0
TG 16:0_16:0_16:0	6E-05	3E-05	3E-05	3E-05	2E-05	2E-05	7E-05	5E-05	5E-05	1E-05	2E-05	1E-05
TG 16:0_16:0_17:0	2E-05	1E-05	1E-05	1E-05	1E-05	0	1E-05	1E-05	1E-05	1E-05	1E-05	0
TG 16:0_16:0_18:0	4E-05	2E-05	2E-05	3E-05	2E-05	3E-05	2E-05	2E-05	2E-05	2E-05	5E-05	2E-05
TG 16:0_16:0_18:1	0.00023	0.00013	0.00014	0.001	0.00084	0.00118	0.00505	0.00345	0.00388	0.0002	0.0003	0.00013
TG 16:0_16:0_38:5	0	0	0	2E-05	1E-05	2E-05	8E-05	5E-05	6E-05	1E-05	2E-05	1E-05
TG 16:0_16:0_38:6	1E-05	1E-05	1E-05	3E-05	2E-05	3E-05	4E-05	3E-05	4E-05	0	1E-05	0
TG 16:0_16:1_18:1	0.00023	0.00013	0.00014	0.00108	0.00093	0.00133	0.00398	0.00275	0.00301	0.00025	0.0004	0.00018
TG 16:0_16:1_18:3	4E-05	2E-05	2E-05	0.00039	0.00033	0.00044	0.00026	0.00015	0.00017	4E-05	5E-05	2E-05
TG 16:0_17:0_18:0	1E-05	0	0	1E-05	0	0	0	0	0	0	1E-05	0
TG 16:0_18:0_18:1	9E-05	5E-05	5E-05	0.00041	0.00033	0.00047	0.00383	0.00266	0.00292	0.00016	0.00027	0.0001
TG 16:0_18:1_18:1	0.00066	0.00037	0.0004	0.00335	0.00282	0.00404	0.01291	0.00869	0.00969	0.00085	0.00119	0.00056
TG 16:0_18:1_18:2	0.00093	0.00051	0.00057	0.00473	0.00407	0.00578	0.01133	0.0076	0.0085	0.00192	0.00289	0.00135
TG 16:0_18:1_19:1	0	0	0	0	0	0	0	0	0	2E-05	3E-05	1E-05
TG 16:0_18:1_24:1	0.00027	0.00018	0.00014	0	0.00157	0.00212	0	0	0	0	0	0
TG 16:0_18:1_26:1	0.0001	9E-05	0.00011	0	0.00174	0.00139	0.00024	0.0001	0.00011	0	0	0
TG 16:0_18:1_38:5	3E-05	3E-05	3E-05	0.00016	0.00014	0.00022	0.00068	0.00047	0.0007	7E-05	0.00012	5E-05
TG 16:0_18:1_38:6	0.00012	8E-05	9E-05	0.00045	0.00038	0.00059	0.00176	0.00119	0.00219	0.00016	0.00035	0.00011
TG 16:0_18:2_18:2	0.00102	0.00054	0.0006	0.00433	0.00368	0.00512	0.00771	0.00494	0.00549	0.00179	0.00267	0.00125
TG 16:0_18:3_18:3	0	0	0	0	0	0	0	0	0	0.00014	0.00023	0.00011
TG 16:0_19:1_18:2	0	0	0	0	0	0	0	0	0	2E-05	4E-05	2E-05
TG 16:0_22:0_18:1	0	2E-05	1E-05	0	8E-05	0.00012	0	0	0	0	0	0
TG 16:0_24:0_18:1	8E-05	8E-05	7E-05	0	0.00035	0.00049	8E-05	6E-05	5E-05	0	0	0
TG 16:0_24:1_18:2	0.00014	8E-05	3E-05	0	0.00045	0.00045	0	0	0	0	0	0
TG 16:1_16:1_16:1	2E-05	1E-05	1E-05	0	0	1E-05	0	0	0	0	1E-05	0
TG 16:1_16:2_18:2	0	0	0	3E-05	2E-05	3E-05	1E-05	1E-05	1E-05	0	0	0
TG 16:1_18:2_22:6	0	0	0	1E-05	0	0	0.00062	0.00043	0.00039	0	0	0
TG 16:1_18:3_20:3	0	0	0	0	0	0	0.00015	7E-05	7E-05	0	0	1E-05
TG 16:2_18:2_18:2	1E-05	0	1E-05	0.00023	0.00019	0.00026	0.00013	7E-05	8E-05	2E-05	3E-05	1E-05
TG 17:0_16:1_18:2	3E-05	2E-05	2E-05	0	0	0	4E-05	2E-05	3E-05	0.00144	0.00233	0.00127
TG 17:0_17:0_38:6	0	0	0	1E-05	1E-05	1E-05	1E-05	1E-05	1E-05	0	1E-05	0
TG 17:0_18:0_18:2	1E-05	0	1E-05	0.00011	8E-05	0.00012	0.0003	0.00019	0.00021	1E-05	2E-05	1E-05
TG 17:0_18:1_18:2	2E-05	1E-05	1E-05	0.0003	0.00025	0.00036	0.00032	0.00021	0.00024	2E-05	3E-05	1E-05
TG 17:1_18:1_18:2	4E-05	2E-05	2E-05	0.00043	0.00035	0.0005	0.00025	0.00015	0.00017	4E-05	6E-05	3E-05
TG 17:2_18:2_18:2	1E-05	0	1E-05	0.0001	9E-05	0.00012	9E-05	5E-05	5E-05	1E-05	2E-05	1E-05
TG 18:0_18:0_18:0	3E-05	4E-05	3E-05	0	0	0	0	0	0	3E-05	2E-05	0
TG 18:0_18:1_18:1	0.00013	8E-05	8E-05	0.00084	0.0007	0.00103	0.0048	0.00328	0.00359	0.00029	0.00048	0.00019
TG 18:0_18:1_38:6	3E-05	2E-05	2E-05	7E-05	7E-05	0.00012	0.0002	0.00014	0.00017	4E-05	8E-05	3E-05
TG 18:1_16:2_18:2	8E-05	4E-05	5E-05	0.00124	0.00105	0.00144	0.00104	0.0006	0.00068	0.00017	0.00023	0.00011
TG 18:1_17:2_18:2	2E-05	1E-05	1E-05	0.00031	0.00024	0.00033	0.0002	0.00011	0.00012	3E-05	5E-05	2E-05
TG 18:1_18:1_18:1	0.00076	0.00045	0.00048	0.00433	0.00361	0.00518	0.00844	0.00551	0.00615	0.00046	0.00058	0.0003
TG 18:1_18:1_18:2	0.00098	0.00053	0.0006	0.00603	0.00519	0.00735	0.00873	0.00558	0.00629	0.00252	0.00379	0.00183
TG 18:1_18:1_20:1	2E-05	2E-05	0	0.00025	0.00021	0.0003	0.00067	0.00043	0.00047	6E-05	0.0001	4E-05
TG 18:1_18:1_22:6	0	0	0	2E-05	2E-05	2E-05	0.00035	0.00026	0.0002	1E-05	1E-05	0
TG 18:1_18:1_24:1	0.00064	0.00057	0.00036	0	0.00275	0.00352	0.00032	0.00024	0.00029	0	0	0
TG 18:1_18:1_26:1	0.0001	0.00013	9E-05	0	0.00104	0.00078	0.00026	0.00011	0.00013	0	0	0
TG 18:1_18:1_28:5	1E-05	0	1E-05	0	1E-05	1E-05	9E-05	6E-05	7E-05	1E-05	1E-05	0
TG 18:1_18:1_36:9	0	0	0	0	0	0	0	0	0	0.00017	0.00012	0.00014
TG 18:1_18:1_38:5	6E-05	3E-05	4E-05	0.00016	0.00014	0.0002	0.00035	0.00021	0.00017	0.00015	0.00027	0.0001
TG 18:1_18:1_38:7	0	0	0	0	0	0	0.00015	0.00013	0.00014	0	0	0
TG 18:1_18:2_18:2	0.00149	0.00077	0.00087	0.00736	0.00633	0.00876	0.00937	0.00597	0.00663	0.00369	0.00536	0.0026
TG 18:1_18:2_18:3	1E-05	0	0	0	5E-05	0	0	1E-05	0	1E-05	2E-05	1E-05
TG 18:1_18:2_20:2	9E-05	5E-05	6E-05	0.00031	0.00026	0.00038	0.00014	8E-05	9E-05	4E-05	5E-05	3E-05
TG 18:1_18:2_36:6	5E-05	3E-05	1E-05	0.00023	0.00014	0.00029	0.00014	5E-05	0.0001	5E-05	0.00012	3E-05
TG 18:1_18:2_38:4	0.0001	6E-05	6E-05	0.00027	0.00025	0.00037	0.00089	0.00059	0.00098	0.00017	0.0003	0.00013
TG 18:1_18:2_38:5	0.00028	0.00016	0.00019	0.00115	0.00098	0.00142	0.00219	0.00127	0.00162	0.0006	0.0012	0.00043
TG 18:1_18:2_38:6	0.00067	0.00038	0.00042	0.00263	0.00168	0.00344	0.00231	0.00146	0.00165	0.00101	0.0018	0.00076
TG 18:1_18:3_38:4	0.00014	8E-05	9E-05	0.00038	0.00035	0.00055	0.00125	0.00081	0.00088	0.00025	0.00046	0.00018
TG 18:1_19:1_18:2	1E-05	0	0	3E-05	3E-05	4E-05	3E-05	2E-05	2E-05	4E-05	6E-05	3E-05
TG 18:1_19:1_18:3	1E-05	0	0	3E-05	3E-05	3E-05	2E-05	1E-05	1E-05	1E-05	2E-05	1E-05
TG 18:1_20:1_18:2	4E-05	2E-05	2E-05	0.00037	0.0003	0.00043	0.00017	0.0001	0.00016	2E-05	3E-05	1E-05
TG 18:1_22:1_18:2	1E-05	1E-05	0	0.00019	0.00017	0.00024	0.00046	0.00027	0.00031	5E-05	9E-05	4E-05
TG 18:1_24:1_18:2	0.00026	0.00017	0.00015	0	0.00064	0.00075	0.0001	7E-05	8E-05	0	0	0
TG 18:1_26:1_18:2	0.00032	0.00022	0.00017	0	0.00072	0.00086	0.00038	0.00027	0.00028	0	0	0
TG 18:2_18:2_18:2	0.00175	0.00088	0.001	0.00634	0.00544	0.00743	0.0073	0.00456	0.005	0.00285	0.00412	0.002
TG 18:2_18:2_18:3	1E-05	1E-05	1E-05	0.0002	0.00017	0.00023	0	0	0	2E-05	4E-05	1E-05
TG 18:2_18:2_19:2	0	0	0	1E-05	1E-05	1E-05	0	0	0	0	0	0
TG 18:2_18:2_20:2	3E-05	2E-05	2E-05	0.00013	0.00011	0.00016	5E-05	3E-05	3E-05	1E-05	2E-05	1E-05
TG 18:2_18:2_20:3	1E-05	1E-05	1E-05	2E-05	1E-05	1E-05	1E-05	0	0	0	0	0
TG 18:2_18:2_22:6	3E-05	3E-05	3E-05	0.00026	0.0002	0.0003	0.00088	0.00031	0.00032	1E-05	1E-05	1E-05
TG 18:2_18:2_24:6	2E-05	1E-05	1E-05	3E-05	2E-05	4E-05	3E-05	1E-05	2E-05	0	1E-05	1E-05
TG 18:2_18:2_26:2	0	0	0	1E-05	1E-05	1E-05	1E-05	1E-05	1E-05	0	0	0
TG 18:2_18:2_28:5	1E-05	0	1E-05	1E-05	0	0	0.00011	9E-05	9E-05	1E-05	3E-05	1E-05
TG 18:2_18:2_28:6	0	0	0	1E-05	1E-05	1E-05	0.00013	8E-05	9E-05	0	0	0
TG 18:2_18:2_28:7	0	0	0	0	0	0	1E-05	1E-05	2E-05	0	0	0
TG 18:2_18:2_30:7	0	0	0	0	0	1E-05	0	0	0	0	0	0
TG 18:2_18:2_36:7	1E-05	0	0	9E-05	8E-05	0.00011	2E-05	1E-05	1E-05	0	0	1E-05
TG 18:2_18:2_38:6	0.00065	0.00036	0.00042	0.00146	0.00123	0.00183	0.00103	0.00063	0.00068	0.00082	0.00141	0.00057
TG 18:2_18:2_38:7	4E-05	2E-05	3E-05	0.00025	0.00021	0.00028	0.00013	8E-05	0.00014	6E-05	0.0001	5E-05
TG 18:2_18:3_38:6	3E-05	2E-05	2E-05	0.00016	0.00014	0.00019	8E-05	5E-05	0.00014	3E-05	7E-05	3E-05
TG 19:0_18:1_18:1	0	0	0	0	0	0	0	0	0	8E-05	0.00015	7E-05
TG 19:0_18:1_18:2	0	0	0	0	0	0	0	0	0	4E-05	6E-05	3E-05
TG 19:0_18:2_36:7	7E-05	4E-05	2E-05	0.0001	9E-05	0.00014	2E-05	6E-05	2E-05	3E-05	6E-05	2E-05
TG 19:0_18:2_36:8	8E-05	6E-05	5E-05	0.00027	0.00024	0.00044	0.00013	7E-05	8E-05	8E-05	0.00022	8E-05
TG 19:1_18:2_18:2	0	0	0	0	0	0	0	0	0	0	1E-05	0
TG 19:1_18:2_18:3	3E-05	2E-05	2E-05	6E-05	4E-05	5E-05	5E-05	5E-05	4E-05	1E-05	2E-05	0
TG 19:1_19:1_18:2	0	0	0	0	0	0	0	0	0	3E-05	5E-05	2E-05
TG 20:1_18:2_18:2	0	0	0	6E-05	4E-05	5E-05	4E-05	2E-05	3E-05	1E-05	2E-05	0
TG 22:0_18:2_18:2	1E-05	0	0	7E-05	7E-05	9E-05	0.00013	7E-05	8E-05	0	0	0
TG 22:1_18:2_18:2	1E-05	1E-05	1E-05	0.0001	7E-05	0.00011	0.00014	8E-05	9E-05	3E-05	4E-05	2E-05
TG 24:0_16:1_18:1	2E-05	0.00012	1E-05	0	1E-05	1E-05	4E-05	2E-05	3E-05	1E-05	3E-05	1E-05
TG 24:0_18:1_18:1	0.00012	0.00014	0.00011	0	0.00067	0.00096	0.00025	0.00017	0.00011	0	0	0
TG 24:0_18:1_18:2	0.00017	0.00012	0.00018	0	0.0002	0.00015	7E-05	6E-05	8E-05	0	0	0
TG 24:0_18:1_18:3	7E-05	5E-05	4E-05	0	8E-05	9E-05	4E-05	1E-05	0	0	0	0
TG 24:1_18:2_18:2	6E-05	3E-05	3E-05	0.00118	0.00101	0.00147	0.0026	0.00144	0.00164	0.00039	0.0006	0.00025
TG 26:0_18:1_18:2	0	1E-05	0	0	1E-05	2E-05	2E-05	2E-05	1E-05	0	0	0
TG 26:0_18:2_18:2	0	0	0	0	0	1E-05	2E-05	1E-05	1E-05	0	0	0
TG 26:1_18:2_18:2	2E-05	0	0	0	0.0002	0.00022	0	0	1E-05	0	0	0
TG 8:0_16:0_18:1	1E-05	0	0	0	0	0	4E-05	3E-05	3E-05	0	0	0
TG 8:0_18:1_18:1	1E-05	0	0	1E-05	0	1E-05	3E-05	2E-05	2E-05	1E-05	1E-05	1E-05
TG 9:0_19:2_30:8	4E-05	2E-05	2E-05	0.0002	0.00016	0.00024	0.00088	0.00028	0.00029	1E-05	1E-05	1E-05
TG O-16:3_20:5_20:5	1E-05	0	0	1E-05	0	1E-05	0	0	0	0	0	0
TG O-18:2_18:3_18:4	0	0	0	0	0	0	6E-05	4E-05	4E-05	0	0	0
TG O-18:4_18:0_18:4	1E-05	0	0	6E-05	5E-05	7E-05	0.0005	0.00035	0.00037	1E-05	1E-05	0
TG O-18:4_22:2_18:3	1E-05	1E-05	1E-05	5E-05	4E-05	6E-05	1E-05	0	1E-05	1E-05	1E-05	1E-05
TG O-20:4_16:4_16:4	0	0	0	0	0	0	0	0	0	0	0	0
TG O-20:5_16:1_16:1	0	0	0	0	0	0	0	0	0	0	0	0
TG O-22:5_18:1_18:2	0	0	0	4E-05	3E-05	5E-05	0	1E-05	1E-05	0	0	0
TG O-22:5_18:2_18:2	0	0	0	3E-05	3E-05	4E-05	0	0	0	0	0	0
TG O-22:5_18:2_18:3	0	0	0	3E-05	2E-05	3E-05	0	0	0	0	0	0
TG O-22:6_18:0_18:1	0	0	0	2E-05	1E-05	2E-05	1E-05	0	1E-05	0	0	0
TG O-22:6_18:2_18:2	2E-05	1E-05	1E-05	5E-05	3E-05	4E-05	0	0	0	1E-05	1E-05	0
