Metabolite	n-B-01-WT	n-B-02-HOM-CLEAs	n-B-03-HOM	n-B-04-HOM-CLEAs	n-B-05-HOM	n-B-06-WT	n-B-07-HOM	n-B-08-WT	n-B-09-HOM-CLEAs	n-B-10-WT	n-B-11-WT	n-B-12-HOM	n-B-13-HOM	n-B-14-HOM-CLEAs	n-B-15-HOM-CLEAs	n-B-16-WT
Cer[NS] 18:1;O2(d7)_15:0	61267604	61207612	68184496	69796112	67657648	67015536	65176828	61662520	61338672	59154380	56600424	91632032	64970832	83822128	69041131	64265452
LPC 18:1(d7)	1444915	1461915	1610682	1548300	1509583	1565540	1430721	1417913	1392412	1306175	1243769	2166089	1407986	1926142	1582192	1418006
LPE 18:1(d7)	2595606	2613294	2944724	2841964	2793068	2853976	2643367	2578298	2520971	2351928	2309862	4183854	2629416	3647962	2906048	2590984
PC 15:0_18:1(D7)	1811100	1918124	2187727	1969932	1955390	1995491	1870871	1914971	1907917	1799796	1711696	2940726	2020855	2640550	2109131	1868689
PE 15:0_18:1(d7)	4214078	4631969	4896406	4470014	4535048	4559896	4298978	4531404	4426664	4208876	4299382	6427564	4763128	5836008	4841164	4497402
PG 15:0_18:1(d7)	4583721	4759524	5273000	5116871	5062906	5091016	4799336	4690679	4627842	4398625	4310980	7538484	4841660	6651258	5288874	4800921
PI 15:0_18:1(d7)	3813100	3815915	4403616	4339595	4232678	4289792	4064674	3954612	3924359	3693383	3615207	6214514	4158059	5513246	4398279	4031125
PS 15:0_18:1(d7)	2781004	2576888	3306268	3160999	3176591	3136833	2907434	2892046	2847796	2700568	2553496	4914494	3032100	4271364	3214262	2841348
SM 18:1;2O/18:1(d9)	2039743	2126211	2301304	2240274	2210922	2312937	2090396	2135200	2051782	1938068	1877218	3283027	2195098	3000175	2354611	2182053
Cer[NS] 18:1;O2_16:0 	1017001	1206300	1358432	1453588	1443583	945276	1236923	857898	1280170	792533	1166498	2285385	1935648	2427339	1591849	1599492
Cer[NS] 18:1;O2_18:0 	15884965	12243300	14685767	15686294	15600004	15330704	13509228	13816421	12096668	11862092	16536730	23748038	19404748	25687130	16428348	24815934
Cer[NS] 18:1;O2_22:0 	336051	270609	324851	398201	396872	290744	318040	220874	288529	236512	331571	738673	445820	634066	397851	479489
Cer[NS] 18:1;O2_24:0 	316518	230794	264191	336374	339579	263192	267342	194286	231350	210975	296791	637066	343163	512014	327633	410580
Cer[NS] 18:1;O2_24:1 	2419747	1918865	2260840	2962678	2921059	2139855	2272643	1485086	2033867	1806880	1499510	3547029	2184408	3085037	2500112	2569765
Cer[NS] 18:2;O2_18:0 	7865201	6903475	7759090	8269414	8020216	7505612	7268916	6803650	6312292	5902150	6344705	8424865	6995810	9150140	7658830	8662550
Cer[NS] 20:1;O2_18:0 	794461	548695	684226	755497	732030	739741	610711	617300	580541	573910	844928	1459417	1077325	1418759	825873	1460054
CL 16:1_18:1_18:1_18:1	108690	103422	64379	158979	123800	110257	145852	117920	140297	120144	87563	161100	119494	160517	140804	130968
CL 18:1_18:1_18:1_18:1	241995	193977	247470	288941	164426	254297	261955	232362	230019	260755	166247	316466	226344	279373	248078	262268
CL 18:1_18:1_18:1_18:2	130595	93812	109514	171031	64215	115328	164305	140022	134925	136044	114846	194230	126285	176216	143996	139320
Ether-PC O-15:4_22:4 	1735938	1461607	1642899	1858893	1773571	1613583	1706328	1518755	1431438	1424091	1525812	2053536	1682307	2045280	1699305	1792423
Ether-PE O-18:1_16:0 	486647	288687	316627	282799	308194	431637	266794	353438	239116	326135	323309	334183	202538	332807	285852	465005
Ether-PE O-18:1_18:1 	9658774	5567498	6337238	7497260	7438654	8787608	6718198	6958990	5625472	7858609	6732415	8618025	6620615	7736180	6606603	8931554
Ether-PE O-18:2_16:1 	203388	153293	177223	227201	200629	188970	214156	172484	166024	190878	155759	240975	211543	230697	194304	195688
Ether-PE O-19:1_18:1 	3851359	2798160	3195754	3822158	3528612	3900407	3280342	3198538	2829819	3763799	2811262	3777371	2747488	3175167	3156326	3519246
Ether-PE O-20:1_22:6 	276311	262574	303122	347714	335894	272810	312945	253752	251436	238674	288632	472256	327788	459952	330419	350359
Ether-PE O-25:0_18:1 	62095	36023	41970	52582	50363	58662	41705	41921	26304	47547	44078	74044	43742	58180	43272	58470
Ether-PI O-19:0_20:4 	10320601	5772208	6876289	9037714	6325638	9813391	9708273	8984615	6059085	8883228	70507	11812638	82863	13370376	8559846	70993
Ether-PI O-19:0_22:6 	357197	179827	226352	305320	204974	323914	305492	292571	219831	349515	198255	376280	257021	364166	267286	228017
Ether-PI O-19:1_20:4 	2167669	1234676	1554573	1915001	1291039	2121918	1806892	1833439	1076202	1921645	919534	1531818	1184625	2182718	1602149	1024474
LPC 16:0_0:0 	953525	848390	919624	1139228	1155421	878054	959622	808090	865889	699223	1076754	2074263	1283733	2028771	1220570	1502608
LPC 18:0_0:0 	451287	389207	383471	485950	485112	390698	394628	382200	379402	340293	462221	835824	543445	821032	518898	696005
LPE 16:0_0:0 	543264	480338	497126	642786	664992	470657	530009	455386	497636	409432	227098	428397	253154	385829	501647	388135
LPE 17:1_0:0 	1195258	914562	1005970	1278744	1298918	1114732	1081873	964444	919527	884675	274670	475417	361269	452941	891444	601864
LPE 18:0_0:0 	2909650	2412153	2518929	3152462	3205368	2551800	2639787	2479609	2447246	2175315	1237910	2168287	1426581	2105107	2529242	2330561
LPE 20:1_0:0 	185203	125190	133862	162760	173170	177778	136134	153162	118302	175505	63315	85152	53131	57820	116018	114302
LPE 20:4_0:0 	1626874	1301438	1470301	1793052	2074732	1434249	1715958	1375712	1268724	1145280	1259037	2148506	1268183	1677849	1510266	1373749
LPI 20:4_0:0 	640671	364487	443362	540237	475090	590712	576185	514730	374320	440821	379322	675006	346189	543457	455625	369458
PC 16:0_16:0 	16108601	13845781	14752965	15456536	15316897	15333336	13432440	12956831	12367259	11783881	12075967	17002892	13109434	17766180	14858939	16282709
PC 16:0_16:1 	293984	1763066	1829823	2409232	4332206	341114	2076805	1397545	341459	267980	1066150	2152193	319348	2394188	1726986	308550
PC 16:0_18:0 	5120923	4272876	4555629	4681257	4453336	4795184	3981930	4135792	3654834	3633409	3536706	4743852	3809401	5166358	4443831	5038760
PC 16:0_18:1 	31424330	28590926	30353716	33609808	32768326	29376774	31079478	27528420	28825654	26574140	22479870	31085468	24743544	30221304	30311923	26786678
PC 16:0_18:2 	1716552	1360856	1577388	1971921	1881195	1471387	1738274	1410108	882761	1263822	1146073	2084700	1242352	1848130	1515917	748600
PC 16:0_20:3 	543491	448186	486979	576788	593398	526747	501329	462460	448719	455121	448457	638805	442258	635796	527372	461362
PC 16:0_20:4 	7549690	7062376	7856300	9707036	9179272	6928288	8926928	6771456	7183068	5949534	6385296	11266468	7184364	10355507	8576997	7588988
PC 16:0_22:4 	800471	721295	766523	940335	854964	738745	6890541	5642555	5529806	4970500	670107	8035914	5647196	913574	2026253	6034341
PC 16:0_22:6 	5767230	4959693	5870054	7298302	6945086	5421218	6562110	4687840	5331109	4670889	4341122	9075090	5616270	7966846	6388988	5853124
PC 18:0_18:1 	15859204	12397417	13546314	15474998	15003725	14875314	14085432	13249233	12379885	13366192	10928961	15544483	11770471	14866820	13779780	14160858
PC 18:0_20:4 	6272766	5677338	6183224	7177935	6912644	5801881	892231	712692	725461	668552	5198398	998898	657439	7625910	5301661	776623
PC 18:0_22:6 	2342771	317274	2254038	2717654	2504890	2233521	2457114	2006880	2053653	1996779	2027796	3305128	2375972	3006814	2023849	2414314
PC 18:1_18:1 	5544588	4728108	4860824	5291000	5056997	5175576	4970515	4964098	4612912	4931376	4167672	4462740	3933540	4261062	4723271	4421070
PC 18:1_20:0 	1163593	687571	749377	898616	877028	1044362	793616	816102	641962	904310	679651	965754	659761	846821	768743	967545
PC 18:1_20:4 	3881388	3521064	3919388	4719843	4534898	3676827	4338577	3524407	3463988	3190903	3244162	5200366	3376488	4823010	4131976	3735616
PC 22:6_22:6 	71297	72131	108038	124740	111494	84354	111488	68274	91886	74247	110712	271173	167457	200674	122358	142322
PE 16:0_18:0 	336849	280918	310685	302334	289811	324987	265621	281916	266419	273247	255804	303376	234397	281541	282803	332974
PE 16:0_18:1 	2769004	2401057	2682209	2877347	2744776	2642561	2588605	2235147	2358146	2351286	2023441	3099430	1939697	2661907	2574614	2637996
PE 16:0_20:4 	3085789	3210432	3711174	4475224	4225546	2888114	4074008	2747540	3418837	2453235	2647737	5178822	3855775	5141523	4061504	3354400
PE 16:0_22:5 	512644	460698	491851	624805	563613	463536	659739	511091	517869	471328	424621	695303	447850	742681	586513	562878
PE 16:0_22:6 	8759379	7379770	8586630	9936299	9358491	8348928	8848194	7319720	7488402	7029474	7133913	11807050	131138	11211447	9003980	9151832
PE 16:1_18:1 	160791	184826	209424	266953	257557	170684	226554	145620	221802	160634	124116	254166	205704	242815	229099	145257
PE 17:0_22:6 	221379	163893	179394	195976	181539	211518	163326	185730	125861	190118	179963	229640	149955	200104	171459	228664
PE 18:0_18:1 	5440291	4024498	4509331	5013895	4838292	5035842	4648732	4299892	4004647	4535757	3989836	5735207	4194404	5283396	4581609	5398174
PE 18:0_20:1 	845661	418379	479660	559732	562908	780579	489401	520371	387081	643852	543762	684868	445175	555549	480185	779656
PE 18:0_20:3 	570095	388184	434821	466333	454553	550583	429540	433772	350563	448086	477748	576001	234053	511394	429119	538741
PE 18:0_20:3 	241496	242099	247883	299187	263886	246629	278719	224492	231445	211255	191404	316696	381443	335128	276965	263011
PE 18:0_20:4 	22799324	20014530	22326502	25702396	24352402	21712170	24223418	20700066	19956876	18428110	19858912	29542264	21520114	28838782	23628146	24159624
PE 18:0_22:4 	5209482	4271396	4786746	5546065	5106948	4942177	5394512	4808083	4299993	4319228	4835537	6903016	4757213	6397046	5128625	5887716
PE 18:0_22:5 	2036303	1674156	1844219	2270420	1976804	1974374	2493536	2233080	2037746	2019069	1997731	3139546	1740873	2901732	2221014	2638597
PE 18:0_22:6 	21574114	17228338	20375788	22859404	21146424	20578720	20555260	18213862	17568538	17961770	20253580	29998088	21612246	27554596	21302719	25653604
PE 18:1_20:1 	701496	372100	427163	508836	471863	666394	448397	485792	352801	632780	504495	538286	363656	403560	409324	621510
PE 18:1_20:4 	4427204	3976105	4717926	5947382	5357550	4165563	5284512	3856603	4372746	3877598	3434037	6092858	4764354	5809840	5026518	4153714
PG 16:0_18:1 	1343205	1010750	1296183	1658716	1473318	1291995	1457058	1137002	1159438	1117901	798990	2043524	1037790	1751418	1395081	1330392
PG 16:0_20:4 	245568	174395	197981	243103	226851	218854	226397	208047	181761	189108	214554	328823	180518	297926	224296	289296
Plasmenyl-PE P-16:0_18:1 	8060020	5153502	5924070	6968390	6686358	7416542	6325098	5808618	5270844	6554538	5765862	7862836	5987857	7055174	6111978	7611088
Plasmenyl-PE P-16:0_20:3 	356885	230981	265478	307396	295458	337049	273153	247224	211115	273445	322142	411502	295241	341008	272625	336447
Plasmenyl-PE P-16:0_20:4 	5609766	4622688	5352761	6310322	6021945	5301706	5904938	4904722	4454580	4339150	5254728	8277940	5418124	7895362	5820738	6306929
Plasmenyl-PE P-16:0_22:4 	5043116	4042952	4647267	5507929	5138830	4787342	5308625	4455648	4094783	319426	321171	7067336	4844516	6611540	5064301	5594184
Plasmenyl-PE P-16:0_22:6 	13185104	11002808	12857049	15188712	14534682	12511785	14005023	11116911	10902327	10448277	12019934	19785936	13598186	18983572	14019355	14791801
Plasmenyl-PE P-17:0_18:1 	203200	85129	86297	98210	93461	183038	93038	135185	83094	156714	123762	107007	88364	100429	91716	175555
Plasmenyl-PE P-18:0_20:1 	3593758	1719423	1994233	2395189	2405231	3233346	2100009	2236121	1631301	2758365	2292784	2933652	1993521	2470419	2054083	3226270
Plasmenyl-PE P-18:0_20:3 	622580	364814	418950	493500	480337	568252	447747	429185	353005	481308	522922	643368	475184	555305	441656	535698
Plasmenyl-PE P-18:0_20:4 	10209687	8215298	9565653	11301922	10655532	9638583	10326540	8867525	8254742	8109084	9210379	14372454	10384175	13854064	10406507	10918698
Plasmenyl-PE P-18:0_22:1 	582942	216235	322797	385378	371969	490085	350557	354729	273927	422535	370455	493268	292476	405764	320326	493654
Plasmenyl-PE P-18:0_22:4 	7518364	5520778	6260822	7467600	6927912	7042684	7090094	6347512	5519131	5960996	6594776	9568184	493736	8763602	6817778	474280
Plasmenyl-PE P-18:0_22:5 	819154	679012	745121	866153	844373	800143	973031	788357	763359	736895	713655	1062029	758516	1003893	828104	838964
Plasmenyl-PE P-18:0_22:6 	19843128	16459058	19357428	22759640	21515302	19124762	20626182	16473845	276500	266712	17350894	441656	21497472	27342770	16709492	329132
Plasmenyl-PE P-18:0_24:4 	168090	309208	113279	137214	402069	344142	398080	125628	294889	135681	334923	202848	374940	555258	324142	401686
Plasmenyl-PE P-18:1_18:1 	9566147	5653005	6462746	7808430	7279580	8831765	7041425	7560628	6003549	8499890	6759937	8660262	6958616	7689414	6788600	8753996
Plasmenyl-PE P-18:1_20:1 	3713890	2080152	2422052	2943592	2746684	3432190	2615949	2827784	2169180	3306379	2586468	3366884	2584034	2820411	2503334	3329869
Plasmenyl-PE P-18:1_20:4 	7282761	5665577	6668020	8122124	7543702	6975464	7659716	6383350	6090100	6285876	6612601	10618227	7382974	9611593	7372349	7840928
Plasmenyl-PE P-18:1_22:1 	1013694	529011	522955	663109	668205	895864	622646	663556	488359	842798	694467	868084	549088	692801	593320	869367
Plasmenyl-PE P-18:1_22:6 	6127316	5427430	6299208	7464225	7151000	5732046	6983452	5376912	5658987	23218	5976599	10294034	7244383	9624293	7043734	6873768
Plasmenyl-PE P-18:2_20:4 	153142	123523	141999	189391	169058	151817	165901	125927	123674	124182	164339	265651	192802	227574	166041	158375
Plasmenyl-PE P-22:6_20:4 	146189	138511	143960	185729	177538	159241	172953	115457	92040	95133	72097	252584	96306	239937	164054	152686
Plasmenyl-PE P-22:6_22:6 	443865	274919	315515	516391	420872	371973	422964	315474	307882	298421	239000	650602	130100	327926	356780	461149
Plasmenyl-PS P-20:6_22:5 	2219570	1752975	2099796	2504699	2392668	2141021	3096990	2396461	2246918	2071794	1783290	3344846	1766280	2943597	2362047	2163010
PS 16:0_18:1 	1236730	1444626	1658938	1779985	1731337	1040415	1515804	975134	1582199	843592	796146	1858139	1280268	1773044	1644964	1057465
PS 16:0_22:6 	237229	236578	156926	414663	360441	214000	290180	187119	252107	162648	320192	557501	446969	599751	375775	290492
PS 18:0_18:1 	8216020	5847710	2474262	3208762	7115598	7265960	5987516	5387388	6525388	7229524	5160116	7361661	5482232	6997743	5644901	6136696
PS 18:0_20:4 	3580971	3140065	3779272	4852936	4545639	3318368	4447966	2774914	3422567	2366388	2763691	5885852	4327888	5336431	4188000	3317350
PS 18:0_22:4 	3921973	2814396	3396301	4160338	3846019	3773501	224375	107114	124976	126654	207758	451237	123988	396951	1874165	234977
PS 18:0_22:6 	39755556	31841042	37582648	44702504	43101644	37956820	39947992	33240766	32159088	30056990	29974918	50116296	33633736	47902420	39151264	36594004
PS 18:1_18:1 	4037059	3079644	3687113	4680594	4386538	4204896	4071624	3556892	3322108	3808992	1872677	3239868	2120344	2547002	3407337	2196860
PS 18:1_22:6 	932479	797862	996814	1266197	1246708	989934	1090834	913275	847513	799062	630146	1178798	791962	1278776	1047587	716067
PS 20:4_22:6 	167092	164910	203544	306165	282603	168408	254772	144287	186790	147583	98518	214978	156933	225233	220775	101452
PS 22:4_22:6 	991919	809434	1026901	381820	1227368	994645	1292633	844682	860984	849510	524381	1097163	706088	1014202	766610	543370
PS 22:6_22:6 	449230	504792	647210	910722	838033	383987	736421	378626	501670	380124	199566	630992	466692	577997	623795	219269
